Sample	raw_total_sequences	filtered_sequences	sequences	is_sorted	1st_fragments	last_fragments	reads_mapped	reads_mapped_and_paired	reads_unmapped	reads_properly_paired	reads_paired	reads_duplicated	reads_MQ0	reads_QC_failed	non-primary_alignments	supplementary_alignments	total_length	total_first_fragment_length	total_last_fragment_length	bases_mapped	bases_mapped_(cigar)	bases_trimmed	bases_duplicated	mismatches	error_rate	average_length	average_first_fragment_length	average_last_fragment_length	maximum_length	maximum_first_fragment_length	maximum_last_fragment_length	average_quality	insert_size_average	insert_size_standard_deviation	inward_oriented_pairs	outward_oriented_pairs	pairs_with_other_orientation	pairs_on_different_chromosomes	percentage_of_properly_paired_reads_(%)	reads_mapped_percent	reads_mapped_and_paired_percent	reads_unmapped_percent	reads_properly_paired_percent	reads_paired_percent	reads_duplicated_percent	reads_MQ0_percent	reads_QC_failed_percent
REF0009-mgg-pbdrep | M301186.lib1	15150.0	0.0	15150.0	1.0	7575.0	7575.0	476.0	466.0	14674.0	432.0	15150.0	0.0	7.0	0.0	0.0	0.0	2027685.0	1013707.0	1013978.0	67322.0	67322.0	0.0	0.0	442.0	0.006565461	134.0	134.0	134.0	150.0	150.0	150.0	39.0	221.2	104.7	200.0	27.0	0.0	6.0	2.9	3.141914191419142	3.075907590759076	96.85808580858087	2.851485148514852	100.0	0.0	0.0462046204620462	0.0
REF0009-mgg-pbdrep | M301187.lib1	2904762.0	0.0	2904762.0	1.0	1452381.0	1452381.0	2491077.0	2462220.0	413685.0	2382290.0	2904762.0	0.0	56676.0	0.0	0.0	0.0	421221524.0	210608507.0	210613017.0	361313730.0	361313730.0	0.0	0.0	2616363.0	0.00724125	145.0	145.0	145.0	150.0	150.0	150.0	39.1	234.0	93.2	1108813.0	111780.0	708.0	9809.0	82.0	85.75838571283981	84.76494804049351	14.241614287160187	82.01325960612263	100.0	0.0	1.951140919634724	0.0
REF0009-mgg-pbdrep | M301188.lib1	9974490.0	0.0	9974490.0	1.0	4987245.0	4987245.0	8552118.0	8445590.0	1422372.0	8026002.0	9974490.0	0.0	193258.0	0.0	0.0	0.0	1449308347.0	724651589.0	724656758.0	1242671523.0	1242671523.0	0.0	0.0	9366218.0	0.007537163	145.0	145.0	145.0	150.0	150.0	150.0	38.9	239.9	100.4	3795720.0	373842.0	3390.0	49843.0	80.5	85.7399024912552	84.67189801182818	14.260097508744806	80.4652869470018	100.0	0.0	1.9375226202041407	0.0
REF0009-mgg-pbdrep | M301189.lib1	921466.0	0.0	921466.0	1.0	460733.0	460733.0	773417.0	757238.0	148049.0	717856.0	921466.0	0.0	20866.0	0.0	0.0	0.0	134033722.0	67016128.0	67017594.0	112691571.0	112691571.0	0.0	0.0	921433.0	0.008176592	145.0	145.0	145.0	150.0	150.0	150.0	39.0	243.8	99.9	341534.0	30805.0	1560.0	4720.0	77.9	83.93331929772775	82.17753015303875	16.066680702272247	77.90368825328335	100.0	0.0	2.2644351500760744	0.0
REF0009-mgg-pbdrep | M301190.lib1	13956.0	0.0	13956.0	1.0	6978.0	6978.0	668.0	662.0	13288.0	654.0	13956.0	0.0	25.0	0.0	0.0	0.0	1879655.0	939775.0	939880.0	90162.0	90162.0	0.0	0.0	685.0	0.007597436	135.0	135.0	135.0	150.0	150.0	150.0	38.6	178.2	74.2	263.0	65.0	0.0	3.0	4.7	4.786471768415019	4.743479507022069	95.21352823158497	4.68615649183147	100.0	0.0	0.17913442247062197	0.0
REF0009-mgg-pbdrep | M301191.lib1	10830190.0	0.0	10830190.0	1.0	5415095.0	5415095.0	9288163.0	9177924.0	1542027.0	8551106.0	10830190.0	0.0	196103.0	0.0	0.0	0.0	1585075987.0	792535756.0	792540231.0	1359440400.0	1359440400.0	0.0	0.0	10090910.0	0.007422841	146.0	146.0	146.0	150.0	150.0	150.0	38.8	253.2	106.2	4183622.0	328056.0	2488.0	74796.0	79.0	85.76177333915656	84.74388722635521	14.23822666084344	78.9561955976765	100.0	0.0	1.8107069220392256	0.0
REF0009-mgg-pbdrep | M301192.lib1	23073130.0	0.0	23073130.0	1.0	11536565.0	11536565.0	19944640.0	19696034.0	3128490.0	18414036.0	23073130.0	0.0	413981.0	0.0	0.0	0.0	3385870257.0	1692948926.0	1692921331.0	2926904081.0	2926904081.0	0.0	0.0	20985897.0	0.007169998	147.0	147.0	147.0	150.0	150.0	150.0	38.9	257.2	105.0	9056644.0	637751.0	5666.0	147956.0	79.8	86.44098134930111	85.36351158252045	13.559018650698887	79.80727365554652	100.0	0.0	1.7942125754069778	0.0
REF0009-mgg-pbdrep | M301193.lib1	43994120.0	0.0	43994120.0	1.0	21997060.0	21997060.0	37705819.0	37290112.0	6288301.0	35205320.0	43994120.0	0.0	782389.0	0.0	0.0	0.0	6484650092.0	3242332469.0	3242317623.0	5557854152.0	5557854152.0	0.0	0.0	40687419.0	0.007320707	147.0	147.0	147.0	150.0	150.0	150.0	38.9	259.1	99.9	17343155.0	1041414.0	10151.0	250336.0	80.0	85.70649668637536	84.76158177501902	14.293503313624639	80.02278486306807	100.0	0.0	1.778394476352749	0.0
REF0009-mgg-pbdrep | M301194.lib1	7501976.0	0.0	7501976.0	1.0	3750988.0	3750988.0	6413541.0	6340468.0	1088435.0	5988484.0	7501976.0	0.0	132526.0	0.0	0.0	0.0	1103497345.0	551747791.0	551749554.0	944007467.0	944007467.0	0.0	0.0	6752207.0	0.007152705	147.0	147.0	147.0	150.0	150.0	150.0	38.9	258.4	101.0	2937818.0	187556.0	2067.0	42793.0	79.8	85.49135587743815	84.5173058404879	14.508644122561842	79.82542199548493	100.0	0.0	1.76654790684481	0.0
REF0009-mgg-pbdrep | M301195.lib1	16008432.0	0.0	16008432.0	1.0	8004216.0	8004216.0	13703771.0	13530876.0	2304661.0	12797060.0	16008432.0	0.0	303972.0	0.0	0.0	0.0	2342710212.0	1171353986.0	1171356226.0	2005693238.0	2005693238.0	0.0	0.0	15251459.0	0.007604084	146.0	146.0	146.0	150.0	150.0	150.0	38.9	251.4	101.6	6189358.0	480053.0	5273.0	90754.0	79.9	85.60345572883091	84.52343115178302	14.396544271169093	79.93949688514152	100.0	0.0	1.8988243195835794	0.0
REF0009-mgg-pbdrep | M301196.lib1	15462.0	0.0	15462.0	1.0	7731.0	7731.0	683.0	660.0	14779.0	634.0	15462.0	0.0	46.0	0.0	0.0	0.0	2065550.0	1032841.0	1032709.0	97745.0	97745.0	0.0	0.0	1212.0	0.01239961	134.0	134.0	134.0	150.0	150.0	150.0	38.8	209.2	86.0	281.0	47.0	0.0	2.0	4.1	4.4172810761867805	4.268529297632907	95.58271892381322	4.100375113180701	100.0	0.0	0.29750355710774806	0.0
REF0009-mgg-pbdrep | M301197.lib1	7266.0	0.0	7266.0	1.0	3633.0	3633.0	401.0	388.0	6865.0	372.0	7266.0	0.0	9.0	0.0	0.0	0.0	980103.0	489948.0	490155.0	58589.0	58589.0	0.0	0.0	549.0	0.00937036	135.0	135.0	135.0	150.0	150.0	150.0	38.7	248.6	110.7	180.0	13.0	1.0	0.0	5.1	5.518854940820258	5.339939443985687	94.48114505917974	5.119735755573906	100.0	0.0	0.12386457473162675	0.0
REF0009-mgg-pbdrep | M301198.lib1	16417100.0	0.0	16417100.0	1.0	8208550.0	8208550.0	13973340.0	13791080.0	2443760.0	12825824.0	16417100.0	0.0	297845.0	0.0	0.0	0.0	2413889240.0	1206960137.0	1206929103.0	2054663545.0	2054663545.0	0.0	0.0	14807944.0	0.007206992	147.0	147.0	147.0	150.0	150.0	150.0	38.9	263.9	105.7	6370149.0	403412.0	4160.0	117819.0	78.1	85.11454519982213	84.00436130619903	14.885454800177863	78.12478452345421	100.0	0.0	1.8142363754865352	0.0
REF0009-mgg-pbdrep | M301199.lib1	12537982.0	0.0	12537982.0	1.0	6268991.0	6268991.0	10808105.0	10683480.0	1729877.0	10272652.0	12537982.0	0.0	226935.0	0.0	0.0	0.0	1843004289.0	921502387.0	921501902.0	1588760410.0	1588760410.0	0.0	0.0	11520310.0	0.007251131	147.0	147.0	147.0	150.0	150.0	150.0	38.9	250.5	94.0	4949584.0	335509.0	3077.0	53570.0	81.9	86.2029072940127	85.20892756107004	13.797092705987296	81.93225991232082	100.0	0.0	1.8099802663618436	0.0
REF0009-mgg-pbdrep | M301200.lib1	13816328.0	0.0	13816328.0	1.0	6908164.0	6908164.0	11896166.0	11755318.0	1920162.0	11075166.0	13816328.0	0.0	242255.0	0.0	0.0	0.0	2034102638.0	1017054042.0	1017048596.0	1751599081.0	1751599081.0	0.0	0.0	12894033.0	0.007361292	147.0	147.0	147.0	150.0	150.0	150.0	38.9	261.0	101.1	5459223.0	331543.0	2870.0	84023.0	80.2	86.10222629341168	85.08279479178549	13.897773706588321	80.15998172596944	100.0	0.0	1.7533964161823605	0.0
REF0009-mgg-pbdrep | M301201.lib1	8428836.0	0.0	8428836.0	1.0	4214418.0	4214418.0	7186647.0	7086074.0	1242189.0	6795858.0	8428836.0	0.0	165140.0	0.0	0.0	0.0	1231656091.0	615828204.0	615827887.0	1050252498.0	1050252498.0	0.0	0.0	8102538.0	0.007714848	146.0	146.0	146.0	150.0	150.0	150.0	38.9	239.0	94.1	3227722.0	274588.0	5782.0	34945.0	80.6	85.26262701041995	84.06942548176283	14.737372989580056	80.62629288314544	100.0	0.0	1.9592266358011947	0.0
REF0009-mgg-pbdrep | M301202.lib1	16503336.0	0.0	16503336.0	1.0	8251668.0	8251668.0	14073249.0	13904542.0	2430087.0	13285826.0	16503336.0	0.0	306614.0	0.0	0.0	0.0	2414477218.0	1207248051.0	1207229167.0	2058931378.0	2058931378.0	0.0	0.0	14839078.0	0.007207175	146.0	146.0	146.0	150.0	150.0	150.0	39.0	244.3	97.3	6329380.0	540901.0	4619.0	77371.0	80.5	85.27517709146805	84.25291710718366	14.724822908531948	80.50388115469502	100.0	0.0	1.857891034879251	0.0
REF0009-mgg-pbdrep | M301203.lib1	18238374.0	0.0	18238374.0	1.0	9119187.0	9119187.0	15668189.0	15486330.0	2570185.0	14809684.0	18238374.0	0.0	331816.0	0.0	0.0	0.0	2687397778.0	1343698686.0	1343699092.0	2308731307.0	2308731307.0	0.0	0.0	16038790.0	0.006947014	147.0	147.0	147.0	150.0	150.0	150.0	39.0	253.9	95.4	7198862.0	451193.0	4219.0	88891.0	81.2	85.90781722098691	84.91069434150216	14.092182779013084	81.2006815958484	100.0	0.0	1.8193288502582523	0.0
REF0009-mgg-pbdrep | M301204.lib1	1339388.0	0.0	1339388.0	1.0	669694.0	669694.0	1159863.0	1144034.0	179525.0	1057626.0	1339388.0	0.0	23645.0	0.0	0.0	0.0	197852056.0	98925690.0	98926366.0	171337507.0	171337507.0	0.0	0.0	1259342.0	0.007350066	148.0	148.0	148.0	150.0	150.0	150.0	38.9	266.3	105.7	532638.0	28378.0	479.0	10522.0	79.0	86.59649033737796	85.41468192935878	13.403509662622035	78.96337730366406	100.0	0.0	1.765358507019624	0.0
REF0009-mgg-pbdrep | M301205.lib1	450480.0	0.0	450480.0	1.0	225240.0	225240.0	372588.0	366624.0	77892.0	355628.0	450480.0	0.0	9646.0	0.0	0.0	0.0	65432389.0	32715539.0	32716850.0	54152047.0	54152047.0	0.0	0.0	466284.0	0.008610643	145.0	145.0	145.0	150.0	150.0	150.0	38.9	225.8	88.3	164029.0	17464.0	501.0	1318.0	78.9	82.70911028236547	81.38518913159297	17.29088971763452	78.94423725803588	100.0	0.0	2.1412715325874623	0.0
REF0009-mgg-pbdrep | M301206.lib1	2786566.0	0.0	2786566.0	1.0	1393283.0	1393283.0	2305873.0	2274412.0	480693.0	2195358.0	2786566.0	0.0	54728.0	0.0	0.0	0.0	408736818.0	204368810.0	204368008.0	338300609.0	338300609.0	0.0	0.0	2492063.0	0.007366416	147.0	147.0	147.0	150.0	150.0	150.0	39.0	246.1	92.0	1050919.0	75147.0	944.0	10196.0	78.8	82.74962803680229	81.62060399789561	17.250371963197715	78.78363548539672	100.0	0.0	1.9639943930988895	0.0
REF0009-mgg-pbdrep | M301207.lib1	4286.0	0.0	4286.0	1.0	2143.0	2143.0	133.0	124.0	4153.0	114.0	4286.0	0.0	24.0	0.0	0.0	0.0	586440.0	292191.0	294249.0	19618.0	19618.0	0.0	0.0	429.0	0.02186767	137.0	136.0	137.0	150.0	150.0	150.0	38.4	212.0	86.8	58.0	1.0	0.0	3.0	2.7	3.1031264582361175	2.8931404573028465	96.89687354176388	2.6598226784881005	100.0	0.0	0.5599626691553896	0.0
REF0009-mgg-pbdrep | M301208.lib1	7401446.0	0.0	7401446.0	1.0	3700723.0	3700723.0	6383865.0	6297632.0	1017581.0	5928486.0	7401446.0	0.0	136057.0	0.0	0.0	0.0	1084228158.0	542119865.0	542108293.0	935199236.0	935199236.0	0.0	0.0	6947648.0	0.007429057	146.0	146.0	146.0	150.0	150.0	150.0	38.9	251.5	102.1	2882699.0	217826.0	3448.0	44843.0	80.1	86.25159191866022	85.08650877139414	13.74840808133978	80.09902389343921	100.0	0.0	1.8382489043357204	0.0
REF0009-mgg-pbdrep | M301209.lib1	38706.0	0.0	38706.0	1.0	19353.0	19353.0	1823.0	1804.0	36883.0	1704.0	38706.0	0.0	49.0	0.0	0.0	0.0	5274526.0	2636414.0	2638112.0	262577.0	262577.0	0.0	0.0	1829.0	0.006965576	136.0	136.0	136.0	150.0	150.0	150.0	38.4	231.7	101.5	791.0	96.0	3.0	12.0	4.4	4.709864103756523	4.660776107063504	95.29013589624348	4.402418229731825	100.0	0.0	0.12659535989252313	0.0
REF0009-mgg-pbdrep | M301210.lib1	17119320.0	0.0	17119320.0	1.0	8559660.0	8559660.0	14689518.0	14506488.0	2429802.0	13651498.0	17119320.0	0.0	293992.0	0.0	0.0	0.0	2525093845.0	1262570236.0	1262523609.0	2166773494.0	2166773494.0	0.0	0.0	15053945.0	0.006947632	147.0	148.0	147.0	150.0	150.0	150.0	39.0	258.4	100.3	6736119.0	406732.0	5675.0	104718.0	79.7	85.80666755455239	84.73752462130506	14.193332445447599	79.74322578233247	100.0	0.0	1.7173112016131482	0.0
REF0009-mgg-pbdrep | M301211.lib1	33824952.0	0.0	33824952.0	1.0	16912476.0	16912476.0	29192767.0	28869596.0	4632185.0	27572620.0	33824952.0	0.0	558940.0	0.0	0.0	0.0	5005824835.0	2502949877.0	2502874958.0	4320574986.0	4320574986.0	0.0	0.0	28165646.0	0.006518958	148.0	148.0	148.0	150.0	150.0	150.0	39.1	259.7	94.1	13596434.0	668372.0	8265.0	161727.0	81.5	86.30542032993867	85.34999842719658	13.694579670061321	81.51562195860618	100.0	0.0	1.6524487603116187	0.0
REF0009-mgg-pbdrep | M301212.lib1	62227018.0	0.0	62227018.0	1.0	31113509.0	31113509.0	53418317.0	52792012.0	8808701.0	50710710.0	62227018.0	0.0	1179618.0	0.0	0.0	0.0	9063444124.0	4531678416.0	4531765708.0	7780192912.0	7780192912.0	0.0	0.0	58011534.0	0.007456311	146.0	146.0	146.0	150.0	150.0	150.0	38.9	235.0	94.3	23848066.0	2274827.0	21943.0	251170.0	81.5	85.84425016156165	84.83776612917559	14.155749838438345	81.49307427844285	100.0	0.0	1.895668534204869	0.0
REF0009-mgg-pbdrep | M301213.lib1	120764.0	0.0	120764.0	1.0	60382.0	60382.0	86560.0	85376.0	34204.0	81900.0	120764.0	0.0	1821.0	0.0	0.0	0.0	17600186.0	8799741.0	8800445.0	12698464.0	12698464.0	0.0	0.0	94432.0	0.00743649	146.0	146.0	146.0	150.0	150.0	150.0	38.8	244.6	93.2	39275.0	2887.0	53.0	473.0	67.8	71.67698983140671	70.69656520155013	28.32301016859329	67.818223974032	100.0	0.0	1.507899705210162	0.0
REF0009-mgg-pbdrep | M301214.lib1	5835096.0	0.0	5835096.0	1.0	2917548.0	2917548.0	4967511.0	4895400.0	867585.0	4609934.0	5835096.0	0.0	102861.0	0.0	0.0	0.0	862142662.0	431079960.0	431062702.0	734094228.0	734094228.0	0.0	0.0	6165390.0	0.008398636	148.0	148.0	148.0	150.0	150.0	150.0	38.4	267.9	99.5	2295710.0	114119.0	1455.0	36416.0	79.0	85.13160708924069	83.89579194583945	14.86839291075931	79.0035673791828	100.0	0.0	1.7627987611514875	0.0
REF0009-mgg-pbdrep | M301215.lib1	350074.0	0.0	350074.0	1.0	175037.0	175037.0	293997.0	290090.0	56077.0	278892.0	350074.0	0.0	6912.0	0.0	0.0	0.0	50200871.0	25098333.0	25102538.0	42209067.0	42209067.0	0.0	0.0	304472.0	0.007213426	143.0	143.0	143.0	150.0	150.0	150.0	39.0	224.8	96.2	127088.0	16446.0	202.0	1309.0	79.7	83.98138679250673	82.86533704302519	16.018613207493274	79.66658477921811	100.0	0.0	1.9744396898941368	0.0
REF0009-mgg-pbdrep | M301216.lib1	35233280.0	0.0	35233280.0	1.0	17616640.0	17616640.0	30329797.0	29985766.0	4903483.0	28472110.0	35233280.0	0.0	642119.0	0.0	0.0	0.0	5164579369.0	2582296755.0	2582282614.0	4445811084.0	4445811084.0	0.0	0.0	33419261.0	0.007517022	147.0	147.0	147.0	150.0	150.0	150.0	38.8	248.4	97.8	13769425.0	1023020.0	7091.0	193347.0	80.8	86.08280864001307	85.10637102194289	13.917191359986921	80.81027369577853	100.0	0.0	1.8224786338370995	0.0
REF0009-mgg-pbdrep | M301217.lib1	30302.0	0.0	30302.0	1.0	15151.0	15151.0	154.0	148.0	30148.0	142.0	30302.0	0.0	14.0	0.0	0.0	0.0	4165597.0	2082509.0	2083088.0	21200.0	21200.0	0.0	0.0	314.0	0.01481132	137.0	137.0	137.0	150.0	150.0	150.0	39.0	206.1	95.4	56.0	17.0	0.0	1.0	0.5	0.5082172793874992	0.4884166061646096	99.49178272061249	0.46861593294172	100.0	0.0	0.046201570853409014	0.0
REF0009-mgg-pbdrep | M301218.lib1	30312.0	0.0	30312.0	1.0	15156.0	15156.0	3113.0	3048.0	27199.0	3002.0	30312.0	0.0	110.0	0.0	0.0	0.0	4070395.0	2034880.0	2035515.0	443551.0	443551.0	0.0	0.0	5028.0	0.01133579	134.0	134.0	134.0	150.0	150.0	150.0	38.8	211.4	80.3	1306.0	208.0	0.0	10.0	9.9	10.269860121404065	10.055423594615993	89.73013987859593	9.90366851411982	100.0	0.0	0.3628925837951966	0.0
REF0009-mgg-pbdrep | M301219.lib1	24301602.0	0.0	24301602.0	1.0	12150801.0	12150801.0	21051584.0	20811748.0	3250018.0	19693568.0	24301602.0	0.0	443179.0	0.0	0.0	0.0	3549899006.0	1774956790.0	1774942216.0	3075102613.0	3075102613.0	0.0	0.0	21831943.0	0.007099582	146.0	146.0	146.0	150.0	150.0	150.0	39.0	241.1	99.6	9415168.0	843050.0	6391.0	141265.0	81.0	86.6263220013232	85.63940764069793	13.373677998676795	81.03814719704488	100.0	0.0	1.8236616664201808	0.0
REF0009-mgg-pbdrep | M301220.lib1	66976.0	0.0	66976.0	1.0	33488.0	33488.0	55653.0	54362.0	11323.0	41764.0	66976.0	0.0	995.0	0.0	0.0	0.0	9996437.0	4998227.0	4998210.0	8307827.0	8307827.0	0.0	0.0	73491.0	0.008845995	149.0	149.0	149.0	150.0	150.0	150.0	38.3	329.5	129.6	25271.0	419.0	75.0	1416.0	62.4	83.09394409937887	81.16638795986621	16.906055900621116	62.35666507405638	100.0	0.0	1.485606784519828	0.0
REF0009-mgg-pbdrep | M301221.lib1	57636.0	0.0	57636.0	1.0	28818.0	28818.0	29397.0	28936.0	28239.0	26834.0	57636.0	0.0	531.0	0.0	0.0	0.0	8301123.0	4150231.0	4150892.0	4349917.0	4349917.0	0.0	0.0	29558.0	0.006795072	144.0	144.0	144.0	150.0	150.0	150.0	38.9	266.0	100.6	13575.0	619.0	17.0	257.0	46.6	51.00458047053925	50.204733152890554	48.995419529460754	46.55770698868763	100.0	0.0	0.9212991880074952	0.0
REF0009-mgg-pbdrep | M301222.lib1	2801368.0	0.0	2801368.0	1.0	1400684.0	1400684.0	2396091.0	2361770.0	405277.0	2130434.0	2801368.0	0.0	50710.0	0.0	0.0	0.0	414499999.0	207252172.0	207247827.0	354600155.0	354600155.0	0.0	0.0	2604040.0	0.007343595	148.0	148.0	148.0	150.0	150.0	150.0	38.9	282.5	110.2	1104460.0	47607.0	780.0	28038.0	76.0	85.5328896453447	84.30773821932713	14.467110354655297	76.04977282527679	100.0	0.0	1.810187022911663	0.0
REF0009-mgg-pbdrep | M301223.lib1	30559716.0	0.0	30559716.0	1.0	15279858.0	15279858.0	26305854.0	25949732.0	4253862.0	23343150.0	30559716.0	0.0	541959.0	0.0	0.0	0.0	4493340990.0	2246691226.0	2246649764.0	3868282068.0	3868282068.0	0.0	0.0	30113671.0	0.007784766	147.0	147.0	147.0	150.0	150.0	150.0	38.7	264.7	113.8	11887787.0	765061.0	11515.0	310503.0	76.4	86.08016514289596	84.91483363261622	13.919834857104037	76.38536300533683	100.0	0.0	1.7734425280653787	0.0
REF0009-mgg-pbdrep | M301224.lib1	11731294.0	0.0	11731294.0	1.0	5865647.0	5865647.0	10027191.0	9882986.0	1704103.0	8909954.0	11731294.0	0.0	213081.0	0.0	0.0	0.0	1721010715.0	860511221.0	860499494.0	1471217988.0	1471217988.0	0.0	0.0	11189231.0	0.00760542	147.0	147.0	147.0	150.0	150.0	150.0	38.8	266.1	114.8	4512752.0	310708.0	5183.0	112850.0	76.0	85.47387014595321	84.24463661041996	14.52612985404679	75.9503086360294	100.0	0.0	1.816346943482961	0.0
REF0009-mgg-pbdrep | M301225.lib1	5929364.0	0.0	5929364.0	1.0	2964682.0	2964682.0	4994074.0	4906820.0	935290.0	4371096.0	5929364.0	0.0	114640.0	0.0	0.0	0.0	873240540.0	436622110.0	436618430.0	735969638.0	735969638.0	0.0	0.0	5541792.0	0.007529919	147.0	147.0	147.0	150.0	150.0	150.0	39.0	281.2	118.9	2266791.0	127742.0	5235.0	53642.0	73.7	84.2261328533718	82.75457536423805	15.773867146628204	73.71947480370576	100.0	0.0	1.9334282732515664	0.0
REF0009-mgg-pbdrep | M301226.lib1	1292188.0	0.0	1292188.0	1.0	646094.0	646094.0	1120382.0	1103746.0	171806.0	1007876.0	1292188.0	0.0	26332.0	0.0	0.0	0.0	191633196.0	95819891.0	95813305.0	166181018.0	166181018.0	0.0	0.0	1369299.0	0.008239804	148.0	148.0	148.0	150.0	150.0	150.0	38.8	274.4	106.1	517782.0	21704.0	229.0	12158.0	78.0	86.7042566561522	85.41682789191665	13.2957433438478	77.99762882800336	100.0	0.0	2.037783975706321	0.0
REF0009-mgg-pbdrep | M301227.lib1	492912.0	0.0	492912.0	1.0	246456.0	246456.0	427346.0	421760.0	65566.0	403016.0	492912.0	0.0	9422.0	0.0	0.0	0.0	72987188.0	36494841.0	36492347.0	63284478.0	63284478.0	0.0	0.0	477848.0	0.007550793	148.0	148.0	148.0	150.0	150.0	150.0	38.9	261.8	95.0	198725.0	9818.0	64.0	2273.0	81.8	86.69823416755932	85.56496900055183	13.30176583244068	81.76226182361151	100.0	0.0	1.9114973869575096	0.0
REF0009-mgg-pbdrep | M301228.lib1	2912.0	0.0	2912.0	1.0	1456.0	1456.0	160.0	158.0	2752.0	146.0	2912.0	0.0	23.0	0.0	0.0	0.0	396102.0	196926.0	199176.0	22390.0	22390.0	0.0	0.0	266.0	0.0118803	136.0	135.0	137.0	150.0	150.0	150.0	38.9	216.0	88.6	67.0	10.0	0.0	2.0	5.0	5.4945054945054945	5.425824175824176	94.5054945054945	5.013736263736264	100.0	0.0	0.7898351648351648	0.0
REF0009-mgg-pbdrep | M301229.lib1	13805414.0	0.0	13805414.0	1.0	6902707.0	6902707.0	11744887.0	11599522.0	2060527.0	11052540.0	13805414.0	0.0	246091.0	0.0	0.0	0.0	2036257009.0	1018145084.0	1018111925.0	1732720816.0	1732720816.0	0.0	0.0	12544650.0	0.007239857	147.0	147.0	147.0	150.0	150.0	150.0	39.0	257.4	96.6	5417600.0	311234.0	3548.0	67379.0	80.1	85.07450048220213	84.02154401164644	14.925499517797872	80.0594607304062	100.0	0.0	1.7825687806247608	0.0
REF0009-mgg-pbdrep | M301230.lib1	80762.0	0.0	80762.0	1.0	40381.0	40381.0	66482.0	65430.0	14280.0	61014.0	80762.0	0.0	2027.0	0.0	0.0	0.0	11963127.0	5980865.0	5982262.0	9856506.0	9856506.0	0.0	0.0	81898.0	0.00830903	148.0	148.0	148.0	150.0	150.0	150.0	38.9	277.3	102.5	30963.0	1211.0	6.0	535.0	75.5	82.31841707733835	81.01582427379212	17.681582922661647	75.54790619350685	100.0	0.0	2.509843738391818	0.0
REF0009-mgg-pbdrep | M301231.lib1	55560.0	0.0	55560.0	1.0	27780.0	27780.0	48807.0	47718.0	6753.0	39546.0	55560.0	0.0	858.0	0.0	0.0	0.0	8254858.0	4127298.0	4127560.0	7255813.0	7255813.0	0.0	0.0	79173.0	0.01091166	149.0	149.0	149.0	150.0	150.0	150.0	38.1	295.5	118.4	22227.0	700.0	5.0	927.0	71.2	87.84557235421167	85.88552915766738	12.154427645788337	71.17710583153348	100.0	0.0	1.5442764578833694	0.0
REF0009-mgg-pbdrep | M301232.lib1	344.0	0.0	344.0	1.0	172.0	172.0	228.0	226.0	116.0	206.0	344.0	0.0	2.0	0.0	0.0	0.0	49098.0	24526.0	24572.0	33144.0	33144.0	0.0	0.0	313.0	0.00944364	143.0	143.0	143.0	150.0	150.0	150.0	38.5	225.9	82.5	99.0	9.0	0.0	5.0	59.9	66.27906976744185	65.69767441860465	33.72093023255814	59.883720930232556	100.0	0.0	0.5813953488372093	0.0
REF0009-mgg-pbdrep | M301233.lib1	33709180.0	0.0	33709180.0	1.0	16854590.0	16854590.0	29346449.0	29021588.0	4362731.0	26996798.0	33709180.0	0.0	583591.0	0.0	0.0	0.0	4948528625.0	2474282987.0	2474245638.0	4307988007.0	4307988007.0	0.0	0.0	30881560.0	0.007168442	147.0	147.0	147.0	150.0	150.0	150.0	38.9	251.0	102.4	13276811.0	954412.0	7301.0	272270.0	80.1	87.05773620123658	86.094019492613	12.942263798763424	80.0873767917226	100.0	0.0	1.7312524362799688	0.0
REF0009-mgg-pbdrep | M301234.lib1	18422.0	0.0	18422.0	1.0	9211.0	9211.0	1569.0	1512.0	16853.0	1426.0	18422.0	0.0	76.0	0.0	0.0	0.0	2532075.0	1265896.0	1266179.0	227494.0	227494.0	0.0	0.0	2936.0	0.01290584	137.0	137.0	137.0	150.0	150.0	150.0	38.3	223.7	94.8	646.0	89.0	8.0	13.0	7.7	8.516990554771468	8.20757789599392	91.48300944522853	7.740744761697969	100.0	0.0	0.4125502117033981	0.0
REF0009-mgg-pbdrep | M301235.lib1	151782.0	0.0	151782.0	1.0	75891.0	75891.0	548.0	538.0	151234.0	536.0	151782.0	0.0	16.0	0.0	0.0	0.0	21360544.0	10682900.0	10677644.0	77744.0	77744.0	0.0	0.0	894.0	0.01149928	141.0	141.0	141.0	150.0	150.0	150.0	37.6	223.7	104.8	238.0	31.0	0.0	0.0	0.4	0.36104412907986455	0.35445573256380863	99.63895587092013	0.35313805326059744	100.0	0.0	0.010541434425689476	0.0
REF0009-mgg-pbdrep | M301236.lib1	38694.0	0.0	38694.0	1.0	19347.0	19347.0	293.0	288.0	38401.0	266.0	38694.0	0.0	28.0	0.0	0.0	0.0	5468195.0	2734960.0	2733235.0	42326.0	42326.0	0.0	0.0	431.0	0.01018287	141.0	141.0	141.0	150.0	150.0	150.0	37.5	224.8	84.8	131.0	10.0	0.0	3.0	0.7	0.7572233421202254	0.744301442084044	99.24277665787977	0.6874450819248462	100.0	0.0	0.07236264020261539	0.0
REF0009-mgg-pbdrep | M301237.lib1	39604.0	0.0	39604.0	1.0	19802.0	19802.0	1207.0	1180.0	38397.0	1092.0	39604.0	0.0	40.0	0.0	0.0	0.0	5725285.0	2859199.0	2866086.0	179562.0	179562.0	0.0	0.0	2197.0	0.01223533	145.0	144.0	145.0	150.0	150.0	150.0	37.1	270.4	91.5	557.0	15.0	0.0	18.0	2.8	3.0476719523280478	2.9794970205029796	96.95232804767195	2.7572972427027573	100.0	0.0	0.100999899000101	0.0
REF0009-mgg-pbdrep | M301238.lib1	29626.0	0.0	29626.0	1.0	14813.0	14813.0	79.0	70.0	29547.0	68.0	29626.0	0.0	18.0	0.0	0.0	0.0	4197555.0	2098900.0	2098655.0	11106.0	11106.0	0.0	0.0	270.0	0.02431118	142.0	142.0	142.0	150.0	150.0	150.0	37.9	211.5	85.6	27.0	7.0	0.0	1.0	0.2	0.2666576655640316	0.2362789441706609	99.73334233443597	0.22952811719435634	100.0	0.0	0.060757442786741375	0.0
REF0009-mgg-pbdrep | M301239.lib1	74464.0	0.0	74464.0	1.0	37232.0	37232.0	342.0	314.0	74122.0	302.0	74464.0	0.0	103.0	0.0	0.0	0.0	10361135.0	5179525.0	5181610.0	46650.0	46650.0	0.0	0.0	1466.0	0.03142551	139.0	139.0	139.0	150.0	150.0	150.0	38.9	184.8	92.9	109.0	46.0	0.0	2.0	0.4	0.4592823377739579	0.4216802750322304	99.54071766222604	0.40556510528577566	100.0	0.0	0.1383218736570692	0.0
REF0009-mgg-pbdrep | M301240.lib1	1508460.0	0.0	1508460.0	1.0	754230.0	754230.0	4630.0	3558.0	1503830.0	3504.0	1508460.0	0.0	2845.0	0.0	0.0	0.0	217147111.0	108570627.0	108576484.0	659954.0	659954.0	0.0	0.0	41460.0	0.06282256	144.0	144.0	144.0	150.0	150.0	150.0	38.9	180.5	63.1	1474.0	285.0	1.0	19.0	0.2	0.30693555016374313	0.23586969492064755	99.69306444983626	0.23228988504832743	100.0	0.0	0.18860294605093936	0.0
REF0009-mgg-pbdrep | M301241.lib1	24050.0	0.0	24050.0	1.0	12025.0	12025.0	204.0	186.0	23846.0	176.0	24050.0	0.0	20.0	0.0	0.0	0.0	3315848.0	1656833.0	1659015.0	29308.0	29308.0	0.0	0.0	526.0	0.01794732	138.0	138.0	138.0	150.0	150.0	150.0	38.9	237.1	105.1	80.0	9.0	0.0	4.0	0.7	0.8482328482328482	0.7733887733887733	99.15176715176716	0.7318087318087317	100.0	0.0	0.08316008316008316	0.0
REF0009-mgg-pbdrep | M301242.lib1	296482.0	0.0	296482.0	1.0	148241.0	148241.0	2574.0	2524.0	293908.0	2408.0	296482.0	0.0	141.0	0.0	0.0	0.0	42268240.0	21136853.0	21131387.0	370362.0	370362.0	0.0	0.0	4842.0	0.0130737	143.0	143.0	143.0	150.0	150.0	150.0	37.3	225.8	93.1	1113.0	127.0	0.0	22.0	0.8	0.8681808676412059	0.8513164374228452	99.13181913235879	0.8121909593162486	100.0	0.0	0.04755769321577701	0.0
REF0009-mgg-pbdrep | M301243.lib1	67164.0	0.0	67164.0	1.0	33582.0	33582.0	341.0	340.0	66823.0	316.0	67164.0	0.0	4.0	0.0	0.0	0.0	9432066.0	4716950.0	4715116.0	49556.0	49556.0	0.0	0.0	533.0	0.01075551	140.0	140.0	140.0	150.0	150.0	150.0	37.9	228.1	105.2	147.0	19.0	0.0	4.0	0.5	0.5077124650110179	0.506223572151748	99.49228753498898	0.4704901435292716	100.0	0.0	0.005955571437079388	0.0
REF0009-mgg-pbdrep | M301244.lib1	284062.0	0.0	284062.0	1.0	142031.0	142031.0	4141.0	3696.0	279921.0	3306.0	284062.0	0.0	705.0	0.0	0.0	0.0	41518542.0	20758853.0	20759689.0	613049.0	613049.0	0.0	0.0	14007.0	0.02284809	146.0	146.0	146.0	150.0	150.0	150.0	38.7	265.4	92.6	1670.0	67.0	0.0	111.0	1.2	1.4577803437277776	1.3011244024191901	98.54221965627222	1.1638304313846977	100.0	0.0	0.24818525533158256	0.0
REF0009-mgg-pbdrep | M301245.lib1	164148.0	0.0	164148.0	1.0	82074.0	82074.0	843.0	770.0	163305.0	752.0	164148.0	0.0	203.0	0.0	0.0	0.0	22619382.0	11307580.0	11311802.0	117030.0	117030.0	0.0	0.0	4628.0	0.03954542	138.0	138.0	138.0	150.0	150.0	150.0	38.9	183.3	85.3	316.0	65.0	0.0	4.0	0.5	0.5135609328167263	0.4690888710188366	99.48643906718327	0.4581231571508639	100.0	0.0	0.1236688841776933	0.0
REF0009-mgg-pbdrep | M301246.lib1	47132.0	0.0	47132.0	1.0	23566.0	23566.0	1732.0	1720.0	45400.0	1608.0	47132.0	0.0	80.0	0.0	0.0	0.0	6447591.0	3223461.0	3224130.0	249867.0	249867.0	0.0	0.0	2053.0	0.008216371	137.0	137.0	137.0	150.0	150.0	150.0	38.8	242.5	107.5	738.0	97.0	0.0	25.0	3.4	3.674785708223712	3.6493252991598064	96.32521429177629	3.4116948145633543	100.0	0.0	0.16973606042603753	0.0
REF0009-mgg-pbdrep | M301247.lib1	125678.0	0.0	125678.0	1.0	62839.0	62839.0	812.0	800.0	124866.0	756.0	125678.0	0.0	99.0	0.0	0.0	0.0	17476534.0	8736580.0	8739954.0	118928.0	118928.0	0.0	0.0	2189.0	0.01840609	139.0	139.0	139.0	150.0	150.0	150.0	38.2	208.7	79.6	376.0	14.0	3.0	7.0	0.6	0.6460955775871673	0.6365473670809529	99.35390442241282	0.6015372618915005	100.0	0.0	0.07877273667626793	0.0
REF0009-mgg-pbdrep | M301248.lib1	99336.0	0.0	99336.0	1.0	49668.0	49668.0	823.0	802.0	98513.0	752.0	99336.0	0.0	31.0	0.0	0.0	0.0	14045672.0	7025467.0	7020205.0	118963.0	118963.0	0.0	0.0	1447.0	0.01216345	141.0	141.0	141.0	150.0	150.0	150.0	37.8	203.4	82.3	364.0	37.0	0.0	0.0	0.8	0.8285012482886366	0.807360876218088	99.17149875171137	0.7570266570024966	100.0	0.0	0.03120721591366675	0.0
REF0009-mgg-pbdrep | M301249.lib1	104754.0	0.0	104754.0	1.0	52377.0	52377.0	697.0	602.0	104057.0	556.0	104754.0	0.0	126.0	0.0	0.0	0.0	14593384.0	7296291.0	7297093.0	100425.0	100425.0	0.0	0.0	2472.0	0.02461538	139.0	139.0	139.0	150.0	150.0	150.0	39.0	210.0	100.9	222.0	56.0	2.0	21.0	0.5	0.6653683868873742	0.5746797258338584	99.33463161311262	0.5307673215342612	100.0	0.0	0.12028180308150524	0.0
REF0009-mgg-pbdrep | M301250.lib1	115852.0	0.0	115852.0	1.0	57926.0	57926.0	2702.0	2646.0	113150.0	2630.0	115852.0	0.0	111.0	0.0	0.0	0.0	16404923.0	8202047.0	8202876.0	388610.0	388610.0	0.0	0.0	3674.0	0.009454208	142.0	142.0	142.0	150.0	150.0	150.0	38.6	199.8	66.8	1109.0	208.0	1.0	5.0	2.3	2.3322860200946036	2.2839484859993786	97.6677139799054	2.270137761972171	100.0	0.0	0.09581189793874943	0.0
REF0009-mgg-pbdrep | M301251.lib1	353794.0	0.0	353794.0	1.0	176897.0	176897.0	4204.0	4082.0	349590.0	3972.0	353794.0	0.0	223.0	0.0	0.0	0.0	51240528.0	25624639.0	25615889.0	618532.0	618532.0	0.0	0.0	9415.0	0.01522152	145.0	145.0	145.0	150.0	150.0	150.0	38.1	251.7	89.7	1898.0	119.0	0.0	24.0	1.1	1.188262096021979	1.1537787526074494	98.81173790397803	1.1226872134632018	100.0	0.0	0.06303102935606597	0.0
REF0009-mgg-pbdrep | M301252.lib1	593104.0	0.0	593104.0	1.0	296552.0	296552.0	2975.0	2842.0	590129.0	2774.0	593104.0	0.0	325.0	0.0	0.0	0.0	86188649.0	43097940.0	43090709.0	436481.0	436481.0	0.0	0.0	7536.0	0.01726536	145.0	145.0	145.0	150.0	150.0	150.0	38.3	225.9	76.4	1312.0	107.0	0.0	2.0	0.5	0.5015983706061669	0.4791739728614206	99.49840162939383	0.46770886724756533	100.0	0.0	0.054796460654455204	0.0
REF0009-mgg-pbdrep | M301253.lib1	65024.0	0.0	65024.0	1.0	32512.0	32512.0	419.0	374.0	64605.0	344.0	65024.0	0.0	56.0	0.0	0.0	0.0	9118974.0	4555844.0	4563130.0	59696.0	59696.0	0.0	0.0	1152.0	0.01929777	140.0	140.0	140.0	150.0	150.0	150.0	38.8	221.0	95.9	152.0	24.0	0.0	11.0	0.5	0.6443774606299213	0.5751722440944882	99.35562253937007	0.5290354330708662	100.0	0.0	0.08612204724409449	0.0
REF0009-mgg-pbdrep | M301254.lib1	19278.0	0.0	19278.0	1.0	9639.0	9639.0	633.0	620.0	18645.0	554.0	19278.0	0.0	33.0	0.0	0.0	0.0	2747927.0	1372952.0	1374975.0	93582.0	93582.0	0.0	0.0	970.0	0.01036524	143.0	142.0	143.0	150.0	150.0	150.0	38.5	261.7	229.6	294.0	15.0	0.0	1.0	2.9	3.2835356364768127	3.2161012553169415	96.71646436352319	2.873742089428364	100.0	0.0	0.1711795829442888	0.0
REF0009-mgg-pbdrep | M301255.lib1	689352.0	0.0	689352.0	1.0	344676.0	344676.0	2193.0	1912.0	687159.0	1734.0	689352.0	0.0	452.0	0.0	0.0	0.0	100046434.0	50025858.0	50020576.0	316192.0	316192.0	0.0	0.0	7727.0	0.02443768	145.0	145.0	145.0	150.0	150.0	150.0	38.4	234.1	102.5	804.0	111.0	23.0	18.0	0.3	0.3181248476830415	0.2773619283036823	99.68187515231696	0.2515405772377537	100.0	0.0	0.0655688240550546	0.0
REF0009-mgg-pbdrep | M301256.lib1	1376128.0	0.0	1376128.0	1.0	688064.0	688064.0	562.0	438.0	1375566.0	424.0	1376128.0	0.0	101.0	0.0	0.0	0.0	199660041.0	99875039.0	99785002.0	81766.0	81766.0	0.0	0.0	2475.0	0.0302693	145.0	145.0	145.0	150.0	150.0	150.0	36.9	192.5	62.3	193.0	24.0	0.0	2.0	0.0	0.04083922425820854	0.031828434564226585	99.9591607757418	0.03081108734071249	100.0	0.0	0.0073394335410659475	0.0
REF0009-mgg-pbdrep | M301257.lib1	132834.0	0.0	132834.0	1.0	66417.0	66417.0	1016.0	998.0	131818.0	898.0	132834.0	0.0	152.0	0.0	0.0	0.0	18737870.0	9368178.0	9369692.0	146470.0	146470.0	0.0	0.0	2581.0	0.01762136	141.0	141.0	141.0	150.0	150.0	150.0	38.8	222.6	93.5	429.0	47.0	11.0	12.0	0.7	0.7648644172425735	0.7513136696930003	99.23513558275742	0.6760317388620384	100.0	0.0	0.11442853486306216	0.0
REF0009-mgg-pbdrep | M301258.lib1	130310.0	0.0	130310.0	1.0	65155.0	65155.0	14350.0	14088.0	115960.0	13466.0	130310.0	0.0	535.0	0.0	0.0	0.0	18662774.0	9326540.0	9336234.0	2097592.0	2097592.0	0.0	0.0	31130.0	0.01484083	143.0	143.0	143.0	150.0	150.0	150.0	38.5	228.9	88.3	6276.0	584.0	5.0	179.0	10.3	11.012201672933774	10.81114265981122	88.98779832706623	10.333819353848515	100.0	0.0	0.41055943519300125	0.0
REF0009-mgg-pbdrep | M301259.lib1	1209986.0	0.0	1209986.0	1.0	604993.0	604993.0	10618.0	10120.0	1199368.0	9782.0	1209986.0	0.0	931.0	0.0	0.0	0.0	177932598.0	88964695.0	88967903.0	1561629.0	1561629.0	0.0	0.0	18844.0	0.01206689	147.0	147.0	147.0	150.0	150.0	150.0	38.7	237.4	88.6	4671.0	344.0	5.0	40.0	0.8	0.8775308144061171	0.8363733134102378	99.12246918559389	0.8084391059070104	100.0	0.0	0.07694303901036872	0.0
REF0009-mgg-pbdrep | M301260.lib1	58068.0	0.0	58068.0	1.0	29034.0	29034.0	939.0	910.0	57129.0	870.0	58068.0	0.0	117.0	0.0	0.0	0.0	8243581.0	4121318.0	4122263.0	138847.0	138847.0	0.0	0.0	2838.0	0.02043976	142.0	142.0	142.0	150.0	150.0	150.0	38.7	243.6	85.0	406.0	31.0	10.0	8.0	1.5	1.6170696424881175	1.5671281945305502	98.38293035751188	1.4982434387270098	100.0	0.0	0.2014879107253565	0.0
REF0009-mgg-pbdrep | M301261.lib1	1542516.0	0.0	1542516.0	1.0	771258.0	771258.0	16188.0	15964.0	1526328.0	15660.0	1542516.0	0.0	789.0	0.0	0.0	0.0	221891443.0	110980057.0	110911386.0	2361705.0	2361705.0	0.0	0.0	19011.0	0.008049693	144.0	144.0	144.0	150.0	150.0	150.0	37.5	223.7	84.6	7126.0	831.0	1.0	24.0	1.0	1.049454268221529	1.0349325387872799	98.95054573177848	1.0152244774122279	100.0	0.0	0.051150198766171634	0.0
REF0009-mgg-pbdrep | M301262.lib1	761978.0	0.0	761978.0	1.0	380989.0	380989.0	4963.0	4798.0	757015.0	4656.0	761978.0	0.0	227.0	0.0	0.0	0.0	109553816.0	54791563.0	54762253.0	724945.0	724945.0	0.0	0.0	8683.0	0.01197746	144.0	144.0	144.0	150.0	150.0	150.0	37.5	228.3	86.3	2247.0	125.0	0.0	27.0	0.6	0.6513311407940912	0.6296769723010376	99.34866885920592	0.6110412636585307	100.0	0.0	0.029790886351049504	0.0
REF0009-mgg-pbdrep | M301263.lib1	121194.0	0.0	121194.0	1.0	60597.0	60597.0	2397.0	2320.0	118797.0	2230.0	121194.0	0.0	158.0	0.0	0.0	0.0	16621783.0	8308082.0	8313701.0	348944.0	348944.0	0.0	0.0	3757.0	0.01076677	137.0	137.0	137.0	150.0	150.0	150.0	38.9	237.7	92.5	1015.0	117.0	3.0	25.0	1.8	1.9778206841922867	1.9142861857847748	98.0221793158077	1.8400250837500207	100.0	0.0	0.13036949023879071	0.0
REF0009-mgg-pbdrep | M301264.lib1	87330.0	0.0	87330.0	1.0	43665.0	43665.0	3625.0	3578.0	83705.0	3444.0	87330.0	0.0	158.0	0.0	0.0	0.0	12215424.0	6101991.0	6113433.0	529321.0	529321.0	0.0	0.0	5277.0	0.009969376	140.0	140.0	140.0	150.0	150.0	150.0	38.8	228.3	85.8	1616.0	152.0	0.0	21.0	3.9	4.15092179090805	4.097102942860414	95.84907820909196	3.943661971830986	100.0	0.0	0.1809229359899233	0.0
REF0009-mgg-pbdrep | M301265.lib1	642416.0	0.0	642416.0	1.0	321208.0	321208.0	9115.0	8862.0	633301.0	8658.0	642416.0	0.0	884.0	0.0	0.0	0.0	90441962.0	45217006.0	45224956.0	1302593.0	1302593.0	0.0	0.0	15832.0	0.01215422	141.0	141.0	141.0	150.0	150.0	150.0	38.6	205.6	88.1	3698.0	680.0	0.0	53.0	1.3	1.4188625438967897	1.3794799631391497	98.5811374561032	1.34772483873378	100.0	0.0	0.1376055390899355	0.0
REF0009-mgg-pbdrep | M301266.lib1	75476.0	0.0	75476.0	1.0	37738.0	37738.0	8330.0	8226.0	67146.0	7986.0	75476.0	0.0	303.0	0.0	0.0	0.0	10576648.0	5278033.0	5298615.0	1218849.0	1218849.0	0.0	0.0	15493.0	0.01271117	140.0	140.0	140.0	150.0	150.0	150.0	38.0	240.5	86.8	3775.0	274.0	0.0	64.0	10.6	11.036620912607981	10.898828766760294	88.96337908739201	10.580846891727171	100.0	0.0	0.4014521172293179	0.0
REF0009-mgg-pbdrep | M301267.lib1	21696.0	0.0	21696.0	1.0	10848.0	10848.0	124.0	108.0	21572.0	104.0	21696.0	0.0	43.0	0.0	0.0	0.0	2946874.0	1473344.0	1473530.0	17152.0	17152.0	0.0	0.0	615.0	0.03585588	136.0	136.0	136.0	150.0	150.0	150.0	38.9	193.3	85.4	44.0	8.0	0.0	2.0	0.5	0.5715339233038348	0.497787610619469	99.42846607669617	0.47935103244837757	100.0	0.0	0.19819321533923306	0.0
REF0009-mgg-pbdrep | M301268.lib1	120696.0	0.0	120696.0	1.0	60348.0	60348.0	1507.0	1440.0	119189.0	1388.0	120696.0	0.0	122.0	0.0	0.0	0.0	16751767.0	8375461.0	8376306.0	215329.0	215329.0	0.0	0.0	2861.0	0.01328665	139.0	139.0	139.0	150.0	150.0	150.0	38.1	217.5	91.5	628.0	84.0	0.0	8.0	1.1	1.248591502618148	1.1930801352157487	98.75140849738186	1.1499966858885133	100.0	0.0	0.1010804003446676	0.0
REF0009-mgg-pbdrep | M301269.lib1	23476.0	0.0	23476.0	1.0	11738.0	11738.0	235.0	216.0	23241.0	200.0	23476.0	0.0	58.0	0.0	0.0	0.0	3231208.0	1615439.0	1615769.0	32620.0	32620.0	0.0	0.0	896.0	0.02746781	138.0	138.0	138.0	150.0	150.0	150.0	38.9	211.6	123.8	89.0	18.0	1.0	0.0	0.9	1.0010223206679163	0.9200886011245527	98.99897767933209	0.8519338899301414	100.0	0.0	0.247060828079741	0.0
REF0009-mgg-pbdrep | M301270.lib1	1102756.0	0.0	1102756.0	1.0	551378.0	551378.0	480.0	390.0	1102276.0	334.0	1102756.0	0.0	26.0	0.0	0.0	0.0	159009971.0	79540507.0	79469464.0	68273.0	68273.0	0.0	0.0	1410.0	0.02065238	144.0	144.0	144.0	150.0	150.0	150.0	36.6	238.6	116.8	164.0	18.0	0.0	13.0	0.0	0.04352730794482188	0.03536593770516778	99.95647269205517	0.030287751778271893	100.0	0.0	0.0023577291803445186	0.0
REF0009-mgg-pbdrep | M301271.lib1	100878.0	0.0	100878.0	1.0	50439.0	50439.0	994.0	974.0	99884.0	926.0	100878.0	0.0	58.0	0.0	0.0	0.0	14205645.0	7104342.0	7101303.0	144004.0	144004.0	0.0	0.0	1801.0	0.0125066	141.0	141.0	141.0	150.0	150.0	150.0	37.5	237.8	95.2	402.0	73.0	0.0	12.0	0.9	0.9853486389500189	0.9655227106009239	99.01465136104997	0.917940482563096	100.0	0.0	0.05749519221237534	0.0
REF0009-mgg-pbdrep | M301272.lib1	6412.0	0.0	6412.0	1.0	3206.0	3206.0	199.0	196.0	6213.0	186.0	6412.0	0.0	2.0	0.0	0.0	0.0	885467.0	442198.0	443269.0	29136.0	29136.0	0.0	0.0	187.0	0.006418177	138.0	138.0	138.0	150.0	150.0	150.0	38.7	214.5	77.2	82.0	12.0	0.0	4.0	2.9	3.1035558328134747	3.056768558951965	96.89644416718653	2.9008109794135994	100.0	0.0	0.031191515907673113	0.0
REF0009-mgg-pbdrep | M301273.lib1	61322.0	0.0	61322.0	1.0	30661.0	30661.0	410.0	394.0	60912.0	368.0	61322.0	0.0	31.0	0.0	0.0	0.0	8567851.0	4283343.0	4284508.0	59372.0	59372.0	0.0	0.0	885.0	0.01490602	140.0	140.0	140.0	150.0	150.0	150.0	38.9	237.0	100.7	168.0	18.0	0.0	11.0	0.6	0.6686018068556147	0.6425100290271029	99.33139819314438	0.6001108900557711	100.0	0.0	0.05055281954274159	0.0
REF0009-mgg-pbdrep | M301274.lib1	100142.0	0.0	100142.0	1.0	50071.0	50071.0	551.0	516.0	99591.0	490.0	100142.0	0.0	69.0	0.0	0.0	0.0	14027424.0	7011410.0	7016014.0	79818.0	79818.0	0.0	0.0	1533.0	0.01920619	140.0	140.0	140.0	150.0	150.0	150.0	38.9	232.9	78.8	222.0	23.0	5.0	8.0	0.5	0.5502186894609654	0.5152683189870384	99.44978131053904	0.48930518663497835	100.0	0.0	0.06890215893431327	0.0
REF0009-mgg-pbdrep | M301275.lib1	363844.0	0.0	363844.0	1.0	181922.0	181922.0	1834.0	1762.0	362010.0	1700.0	363844.0	0.0	144.0	0.0	0.0	0.0	52362202.0	26185693.0	26176509.0	269007.0	269007.0	0.0	0.0	4128.0	0.01534533	144.0	144.0	144.0	150.0	150.0	150.0	37.8	228.1	79.4	814.0	53.0	0.0	14.0	0.5	0.5040621804949375	0.48427347984300967	99.49593781950506	0.4672332098371829	100.0	0.0	0.0395774013038555	0.0
REF0009-mgg-pbdrep | M301276.lib1	144810.0	0.0	144810.0	1.0	72405.0	72405.0	3938.0	3910.0	140872.0	3626.0	144810.0	0.0	225.0	0.0	0.0	0.0	20540946.0	10270822.0	10270124.0	574678.0	574678.0	0.0	0.0	6961.0	0.01211287	142.0	142.0	142.0	150.0	150.0	150.0	38.0	230.1	90.2	1699.0	196.0	0.0	60.0	2.5	2.719425454043229	2.7000897728057454	97.28057454595677	2.503970720254126	100.0	0.0	0.15537600994406464	0.0
REF0009-mgg-pbdrep | M301277.lib1	38708.0	0.0	38708.0	1.0	19354.0	19354.0	488.0	458.0	38220.0	402.0	38708.0	0.0	28.0	0.0	0.0	0.0	5406689.0	2703671.0	2703018.0	70746.0	70746.0	0.0	0.0	876.0	0.01238233	140.0	140.0	140.0	150.0	150.0	150.0	38.5	233.2	119.8	200.0	28.0	0.0	1.0	1.0	1.26072129792291	1.1832179394440427	98.73927870207709	1.0385450036168233	100.0	0.0	0.07233646791360959	0.0
REF0009-mgg-pbdrep | M301278.lib1	134144.0	0.0	134144.0	1.0	67072.0	67072.0	513.0	484.0	133631.0	424.0	134144.0	0.0	59.0	0.0	0.0	0.0	19154664.0	9577980.0	9576684.0	75846.0	75846.0	0.0	0.0	1079.0	0.0142262	143.0	143.0	143.0	150.0	150.0	150.0	38.2	214.4	78.4	225.0	10.0	0.0	7.0	0.3	0.38242485687022904	0.3608062977099237	99.61757514312977	0.3160782442748092	100.0	0.0	0.04398258587786259	0.0
REF0009-mgg-pbdrep | M301279.lib1	84640.0	0.0	84640.0	1.0	42320.0	42320.0	291.0	236.0	84349.0	220.0	84640.0	0.0	41.0	0.0	0.0	0.0	11640742.0	5819454.0	5821288.0	41979.0	41979.0	0.0	0.0	1017.0	0.0242264	138.0	138.0	138.0	150.0	150.0	150.0	38.6	208.3	84.5	97.0	18.0	0.0	3.0	0.3	0.3438090737240076	0.27882797731569	99.65619092627598	0.2599243856332703	100.0	0.0	0.048440453686200376	0.0
REF0009-mgg-pbdrep | M301280.lib1	962412.0	0.0	962412.0	1.0	481206.0	481206.0	654.0	612.0	961758.0	598.0	962412.0	0.0	83.0	0.0	0.0	0.0	137437189.0	68739374.0	68697815.0	95745.0	95745.0	0.0	0.0	1782.0	0.01861194	143.0	143.0	143.0	150.0	150.0	150.0	37.2	234.6	82.5	283.0	23.0	0.0	0.0	0.1	0.0679542649094151	0.06359022954826	99.93204573509058	0.06213555109454163	100.0	0.0	0.00862416511847317	0.0
REF0009-mgg-pbdrep | M301281.lib1	785844.0	0.0	785844.0	1.0	392922.0	392922.0	711.0	648.0	785133.0	626.0	785844.0	0.0	35.0	0.0	0.0	0.0	114432281.0	57247602.0	57184679.0	105256.0	105256.0	0.0	0.0	1822.0	0.01731018	146.0	146.0	146.0	150.0	150.0	150.0	36.9	258.0	92.4	308.0	11.0	0.0	5.0	0.1	0.09047597233038619	0.08245911402263045	99.90952402766962	0.07965957620087447	100.0	0.0	0.00445381017097541	0.0
REF0009-mgg-pbdrep | M301282.lib1	18518774.0	0.0	18518774.0	1.0	9259387.0	9259387.0	15807830.0	15607878.0	2710944.0	14455120.0	18518774.0	0.0	322265.0	0.0	0.0	0.0	2731389300.0	1365698760.0	1365690540.0	2332017876.0	2332017876.0	0.0	0.0	17815787.0	0.007639645	147.0	147.0	147.0	150.0	150.0	150.0	38.8	269.0	105.2	7266959.0	391545.0	4553.0	140882.0	78.1	85.36110435820427	84.28137845410285	14.638895641795727	78.05657113154467	100.0	0.0	1.7402069921043368	0.0
REF0009-mgg-pbdrep | M301283.lib1	14125662.0	0.0	14125662.0	1.0	7062831.0	7062831.0	11987742.0	11833848.0	2137920.0	11085372.0	14125662.0	0.0	262236.0	0.0	0.0	0.0	2076483592.0	1038237892.0	1038245700.0	1763121275.0	1763121275.0	0.0	0.0	13341975.0	0.007567247	147.0	147.0	147.0	150.0	150.0	150.0	38.9	262.1	103.4	5478171.0	343026.0	4708.0	91019.0	78.5	84.86499252212037	83.77552853806073	15.13500747787962	78.47683174070002	100.0	0.0	1.8564510463297226	0.0
REF0009-mgg-pbdrep | M301284.lib1	41904.0	0.0	41904.0	1.0	20952.0	20952.0	2761.0	2690.0	39143.0	2562.0	41904.0	0.0	122.0	0.0	0.0	0.0	5527224.0	2726907.0	2800317.0	404045.0	404045.0	0.0	0.0	3536.0	0.0087515	132.0	130.0	134.0	150.0	150.0	150.0	38.5	247.5	100.4	1229.0	95.0	1.0	20.0	6.1	6.588869797632685	6.419434898816342	93.41113020236732	6.1139747995418094	100.0	0.0	0.29114165712103857	0.0
REF0009-mgg-pbdrep | M301285.lib1	7268848.0	0.0	7268848.0	1.0	3634424.0	3634424.0	6267625.0	6190218.0	1001223.0	5767086.0	7268848.0	0.0	134415.0	0.0	0.0	0.0	1072101134.0	536044085.0	536057049.0	924621954.0	924621954.0	0.0	0.0	6806109.0	0.007360964	147.0	147.0	147.0	150.0	150.0	150.0	38.9	267.0	104.4	2883688.0	159003.0	2010.0	50408.0	79.3	86.22583661124844	85.160922335974	13.774163388751559	79.33975232388957	100.0	0.0	1.8491926093378206	0.0
REF0009-mgg-pbdrep | M301286.lib1	41322.0	0.0	41322.0	1.0	20661.0	20661.0	279.0	262.0	41043.0	248.0	41322.0	0.0	93.0	0.0	0.0	0.0	5638693.0	2818781.0	2819912.0	39622.0	39622.0	0.0	0.0	1413.0	0.03566201	136.0	136.0	136.0	150.0	150.0	150.0	38.8	204.7	104.7	108.0	19.0	0.0	4.0	0.6	0.6751851314069987	0.6340448187406225	99.32481486859301	0.6001645612506654	100.0	0.0	0.22506171046899956	0.0
REF0009-mgg-pbdrep | M301287.lib1	13379218.0	0.0	13379218.0	1.0	6689609.0	6689609.0	11442372.0	11298748.0	1936846.0	10544852.0	13379218.0	0.0	254975.0	0.0	0.0	0.0	1963877366.0	981934253.0	981943113.0	1679959026.0	1679959026.0	0.0	0.0	13020816.0	0.007750675	147.0	147.0	147.0	150.0	150.0	150.0	38.9	258.3	104.5	5194211.0	356497.0	4659.0	94007.0	78.8	85.52347379346087	84.44998803368028	14.476526206539125	78.81515945102322	100.0	0.0	1.905754133014351	0.0
REF0009-mgg-pbdrep | M301288.lib1	28822.0	0.0	28822.0	1.0	14411.0	14411.0	217.0	198.0	28605.0	180.0	28822.0	0.0	63.0	0.0	0.0	0.0	3846945.0	1922516.0	1924429.0	30124.0	30124.0	0.0	0.0	1177.0	0.03907184	133.0	133.0	134.0	150.0	150.0	150.0	38.9	194.6	93.2	70.0	23.0	0.0	6.0	0.6	0.7528970924987857	0.6869752272569565	99.24710290750122	0.6245229338699605	100.0	0.0	0.21858302685448613	0.0
REF0009-mgg-pbdrep | M301289.lib1	12733136.0	0.0	12733136.0	1.0	6366568.0	6366568.0	10895210.0	10700552.0	1837926.0	8878036.0	12733136.0	0.0	244288.0	0.0	0.0	0.0	1883666788.0	941847988.0	941818800.0	1612002424.0	1612002424.0	0.0	0.0	13500589.0	0.008375042	148.0	148.0	148.0	150.0	150.0	150.0	38.6	292.3	129.0	4906970.0	222504.0	6846.0	213956.0	69.7	85.56580248573485	84.0370510453984	14.434197514265144	69.7238763490785	100.0	0.0	1.9185218786636693	0.0
REF0009-mgg-pbdrep | M301290.lib1	59202.0	0.0	59202.0	1.0	29601.0	29601.0	372.0	340.0	58830.0	296.0	59202.0	0.0	77.0	0.0	0.0	0.0	8127048.0	4061970.0	4065078.0	53018.0	53018.0	0.0	0.0	1285.0	0.02423705	137.0	137.0	137.0	150.0	150.0	150.0	38.7	206.9	89.2	127.0	31.0	0.0	12.0	0.5	0.6283571500962805	0.5743049221310091	99.37164284990372	0.4999831086787609	100.0	0.0	0.1300631735414344	0.0
REF0009-mgg-pbdrep | M301291.lib1	36042.0	0.0	36042.0	1.0	18021.0	18021.0	406.0	388.0	35636.0	336.0	36042.0	0.0	37.0	0.0	0.0	0.0	4993975.0	2495390.0	2498585.0	57444.0	57444.0	0.0	0.0	719.0	0.01251654	139.0	138.0	139.0	150.0	150.0	150.0	38.9	227.8	123.6	168.0	18.0	1.0	7.0	0.9	1.1264635702791188	1.076521835636202	98.87353642972087	0.9322457133344432	100.0	0.0	0.10265801009932855	0.0
REF0009-mgg-pbdrep | M301292.lib1	16328176.0	0.0	16328176.0	1.0	8164088.0	8164088.0	13958725.0	13776502.0	2369451.0	12594176.0	16328176.0	0.0	298001.0	0.0	0.0	0.0	2395742413.0	1197629330.0	1198113083.0	2048653562.0	2048653562.0	0.0	0.0	15455460.0	0.007544204	147.0	147.0	147.0	150.0	150.0	150.0	38.9	258.0	110.3	6294606.0	448400.0	5028.0	140217.0	77.1	85.48857508640279	84.37257168222587	14.511424913597207	77.13155468191916	100.0	0.0	1.825072194224266	0.0
REF0009-mgg-pbdrep | M301293.lib1	3924.0	0.0	3924.0	1.0	1962.0	1962.0	111.0	110.0	3813.0	102.0	3924.0	0.0	2.0	0.0	0.0	0.0	537519.0	268087.0	269432.0	16004.0	16004.0	0.0	0.0	155.0	0.009685079	137.0	137.0	137.0	150.0	150.0	150.0	38.8	211.1	87.3	47.0	6.0	0.0	2.0	2.6	2.8287461773700304	2.803261977573904	97.17125382262996	2.599388379204893	100.0	0.0	0.05096839959225281	0.0
REF0009-mgg-pbdrep | M301294.lib1	24148.0	0.0	24148.0	1.0	12074.0	12074.0	315.0	312.0	23833.0	310.0	24148.0	0.0	27.0	0.0	0.0	0.0	3319732.0	1659218.0	1660514.0	43889.0	43889.0	0.0	0.0	598.0	0.01362528	137.0	137.0	138.0	150.0	150.0	150.0	38.9	203.1	84.3	126.0	30.0	0.0	0.0	1.3	1.3044558555573962	1.2920324664568494	98.69554414444261	1.283750207056485	100.0	0.0	0.11181050190491966	0.0
REF0009-mgg-pbdrep | M301295.lib1	4421562.0	0.0	4421562.0	1.0	2210781.0	2210781.0	3829611.0	3787096.0	591951.0	3619946.0	4421562.0	0.0	78017.0	0.0	0.0	0.0	650771480.0	325387021.0	325384459.0	563649383.0	563649383.0	0.0	0.0	4119537.0	0.007308687	147.0	147.0	147.0	150.0	150.0	150.0	38.9	249.6	94.5	1756765.0	114717.0	847.0	21219.0	81.9	86.61217461159654	85.65063658498964	13.387825388403465	81.87029832443828	100.0	0.0	1.764466946296354	0.0
REF0009-mgg-pbdrep | M301296.lib1	24899748.0	0.0	24899748.0	1.0	12449874.0	12449874.0	21403983.0	21177750.0	3495765.0	20343722.0	24899748.0	0.0	447348.0	0.0	0.0	0.0	3676442973.0	1838222900.0	1838220073.0	3160517580.0	3160517580.0	0.0	0.0	21717014.0	0.006871347	148.0	148.0	148.0	150.0	150.0	150.0	39.1	254.1	92.5	9911460.0	558570.0	5052.0	113793.0	81.7	85.96064104745157	85.0520655871698	14.039358952548437	81.70252164801025	100.0	0.0	1.7965964956753777	0.0
REF0009-mgg-pbdrep | M301297.lib1	5741668.0	0.0	5741668.0	1.0	2870834.0	2870834.0	4830506.0	4768560.0	911162.0	4495378.0	5741668.0	0.0	117026.0	0.0	0.0	0.0	841123908.0	420563795.0	420560113.0	708258687.0	708258687.0	0.0	0.0	5920521.0	0.008359264	146.0	146.0	146.0	150.0	150.0	150.0	39.0	245.8	100.5	2173475.0	175631.0	1839.0	33335.0	78.3	84.130709055278	83.05182396474335	15.869290944721987	78.29393827716963	100.0	0.0	2.0381882059359753	0.0
REF0009-mgg-pbdrep | M301298.lib1	10306492.0	0.0	10306492.0	1.0	5153246.0	5153246.0	8908618.0	8781362.0	1397874.0	8330664.0	10306492.0	0.0	213632.0	0.0	0.0	0.0	1518526077.0	759257272.0	759268805.0	1313400042.0	1313400042.0	0.0	0.0	10602833.0	0.008072813	147.0	147.0	147.0	150.0	150.0	150.0	38.9	255.8	95.9	4082079.0	240106.0	8015.0	60481.0	80.8	86.43695643483738	85.20223952048865	13.56304356516262	80.82928701637763	100.0	0.0	2.0727906255591138	0.0
REF0009-mgg-pbdrep | M301299.lib1	80996.0	0.0	80996.0	1.0	40498.0	40498.0	2627.0	2556.0	78369.0	2524.0	80996.0	0.0	162.0	0.0	0.0	0.0	11029408.0	5513988.0	5515420.0	380792.0	380792.0	0.0	0.0	3283.0	0.008621505	136.0	136.0	136.0	150.0	150.0	150.0	38.9	227.1	87.1	1173.0	96.0	5.0	4.0	3.1	3.2433700429650845	3.1557113931552174	96.75662995703492	3.116203269297249	100.0	0.0	0.2000098770309645	0.0
REF0009-mgg-pbdrep | M301300.lib1	34946.0	0.0	34946.0	1.0	17473.0	17473.0	332.0	312.0	34614.0	280.0	34946.0	0.0	26.0	0.0	0.0	0.0	4659896.0	2271558.0	2388338.0	48581.0	48581.0	0.0	0.0	720.0	0.01482061	133.0	130.0	137.0	150.0	150.0	150.0	38.1	215.2	85.4	145.0	5.0	0.0	6.0	0.8	0.9500372002518171	0.8928060436101414	99.04996279974819	0.8012361929834603	100.0	0.0	0.07440050363417844	0.0
REF0009-mgg-pbdrep | M301301.lib1	6897322.0	0.0	6897322.0	1.0	3448661.0	3448661.0	5895594.0	5828402.0	1001728.0	5499536.0	6897322.0	0.0	130354.0	0.0	0.0	0.0	1006338590.0	503167126.0	503171464.0	860427929.0	860427929.0	0.0	0.0	6621837.0	0.007695981	146.0	146.0	146.0	150.0	150.0	150.0	38.8	248.3	102.2	2646425.0	224133.0	1501.0	42142.0	79.7	85.4765661223298	84.50239092795726	14.523433877670202	79.73436646860912	100.0	0.0	1.889921914621356	0.0
REF0009-mgg-pbdrep | M301302.lib1	16605218.0	0.0	16605218.0	1.0	8302609.0	8302609.0	14106646.0	13911514.0	2498572.0	12436248.0	16605218.0	0.0	293543.0	0.0	0.0	0.0	2460846305.0	1230432220.0	1230414085.0	2090910931.0	2090910931.0	0.0	0.0	15951001.0	0.007628733	148.0	148.0	148.0	150.0	150.0	150.0	38.8	285.3	111.9	6511842.0	260621.0	5258.0	178036.0	74.9	84.95309125119586	83.77796666084119	15.04690874880414	74.89361476615363	100.0	0.0	1.7677756473898747	0.0
REF0009-mgg-pbdrep | M301303.lib1	8007004.0	0.0	8007004.0	1.0	4003502.0	4003502.0	6775640.0	6674972.0	1231364.0	6046672.0	8007004.0	0.0	147639.0	0.0	0.0	0.0	1188447370.0	594081942.0	594365428.0	1006130208.0	1006130208.0	0.0	0.0	7441786.0	0.007396445	148.0	148.0	148.0	150.0	150.0	150.0	39.0	291.6	106.6	3154278.0	103899.0	2255.0	77054.0	75.5	84.62141395208495	83.36416467382807	15.37858604791505	75.51728461731754	100.0	0.0	1.8438731890230105	0.0
REF0009-mgg-pbdrep | M301304.lib1	926870.0	0.0	926870.0	1.0	463435.0	463435.0	740286.0	734378.0	186584.0	700526.0	926870.0	0.0	12164.0	0.0	0.0	0.0	132698448.0	66347761.0	66350687.0	106022390.0	106022390.0	0.0	0.0	615809.0	0.005808292	143.0	143.0	143.0	150.0	150.0	150.0	39.0	228.8	103.1	320285.0	43153.0	99.0	3652.0	75.6	79.86945310561352	79.23203901302233	20.130546894386484	75.5797468900709	100.0	0.0	1.3123739035679223	0.0
REF0009-mgg-pbdrep | M301305.lib1	24017586.0	0.0	24017586.0	1.0	12008793.0	12008793.0	20723280.0	20478292.0	3294306.0	19267108.0	24017586.0	0.0	440596.0	0.0	0.0	0.0	3537393798.0	1768695367.0	1768698431.0	3052561990.0	3052561990.0	0.0	0.0	22436743.0	0.007350136	147.0	147.0	147.0	150.0	150.0	150.0	38.9	260.0	101.2	9508767.0	575642.0	6752.0	147985.0	80.2	86.28377556345588	85.26373966142975	13.716224436544122	80.22083484993038	100.0	0.0	1.834472456973819	0.0
REF0009-mgg-pbdrep | M301306.lib1	2179582.0	0.0	2179582.0	1.0	1089791.0	1089791.0	1820594.0	1799888.0	358988.0	1719088.0	2179582.0	0.0	39245.0	0.0	0.0	0.0	322257745.0	161127170.0	161130575.0	269252836.0	269252836.0	0.0	0.0	1916182.0	0.007116664	148.0	148.0	148.0	150.0	150.0	150.0	39.0	257.6	94.7	844299.0	44524.0	572.0	10549.0	78.9	83.52950244588182	82.57950377641218	16.470497554118175	78.87237094085012	100.0	0.0	1.8005746055895122	0.0
REF0009-mgg-pbdrep | M301307.lib1	37068.0	0.0	37068.0	1.0	18534.0	18534.0	1250.0	1228.0	35818.0	1144.0	37068.0	0.0	47.0	0.0	0.0	0.0	5158537.0	2576847.0	2581690.0	179543.0	179543.0	0.0	0.0	1453.0	0.008092768	139.0	139.0	139.0	150.0	150.0	150.0	38.7	241.2	109.9	536.0	63.0	0.0	15.0	3.1	3.372180856803712	3.312830473723967	96.62781914319629	3.0862199201467573	100.0	0.0	0.12679400021581957	0.0
REF0009-mgg-pbdrep | M301308.lib1	232460.0	0.0	232460.0	1.0	116230.0	116230.0	159855.0	158178.0	72605.0	150376.0	232460.0	0.0	3027.0	0.0	0.0	0.0	33797243.0	16897772.0	16899471.0	23608116.0	23608116.0	0.0	0.0	163373.0	0.006920205	145.0	145.0	145.0	150.0	150.0	150.0	38.9	260.8	96.2	74066.0	3974.0	11.0	1038.0	64.7	68.76666953454358	68.04525509765121	31.233330465456422	64.68897874903209	100.0	0.0	1.3021595113137745	0.0
REF0009-mgg-pbdrep | M301309.lib1	52788.0	0.0	52788.0	1.0	26394.0	26394.0	361.0	354.0	52427.0	324.0	52788.0	0.0	83.0	0.0	0.0	0.0	7244640.0	3621676.0	3622964.0	51430.0	51430.0	0.0	0.0	1356.0	0.02636593	137.0	137.0	137.0	150.0	150.0	150.0	38.9	199.2	85.4	148.0	25.0	3.0	1.0	0.6	0.6838675456543154	0.6706069561263923	99.31613245434569	0.6137758581495795	100.0	0.0	0.15723270440251574	0.0
REF0009-mgg-pbdrep | M301310.lib1	15830324.0	0.0	15830324.0	1.0	7915162.0	7915162.0	13454245.0	13277664.0	2376079.0	12212950.0	15830324.0	0.0	295569.0	0.0	0.0	0.0	2334811822.0	1167370507.0	1167441315.0	1984952329.0	1984952329.0	0.0	0.0	14613103.0	0.007361942	147.0	147.0	147.0	150.0	150.0	150.0	38.9	272.3	108.6	6175519.0	335413.0	4508.0	123392.0	77.1	84.99033247834979	83.87487204936551	15.009667521650218	77.14908425121305	100.0	0.0	1.8671064470948289	0.0
REF0009-mgg-pbdrep | M301311.lib1	18408688.0	0.0	18408688.0	1.0	9204344.0	9204344.0	15766726.0	15561728.0	2641962.0	14150252.0	18408688.0	0.0	335092.0	0.0	0.0	0.0	2710041014.0	1355025458.0	1355015556.0	2321358041.0	2321358041.0	0.0	0.0	17891739.0	0.007707445	147.0	147.0	147.0	150.0	150.0	150.0	38.8	265.7	111.0	7166362.0	439655.0	5523.0	169324.0	76.9	85.64828737387477	84.53469361857836	14.351712626125229	76.86724876862489	100.0	0.0	1.8202926791958234	0.0
REF0009-mgg-pbdrep | M301312.lib1	25870636.0	0.0	25870636.0	1.0	12935318.0	12935318.0	22196889.0	21926704.0	3673747.0	20911852.0	25870636.0	0.0	465270.0	0.0	0.0	0.0	3830670802.0	1915352431.0	1915318371.0	3286964831.0	3286964831.0	0.0	0.0	24687690.0	0.007510786	148.0	148.0	148.0	150.0	150.0	150.0	38.9	262.9	93.6	10353892.0	470238.0	6627.0	132595.0	80.8	85.7995489558123	84.75517957888627	14.200451044187703	80.83238463870777	100.0	0.0	1.7984482484311555	0.0
REF0009-mgg-pbdrep | M301313.lib1	33819180.0	0.0	33819180.0	1.0	16909590.0	16909590.0	28561740.0	28159882.0	5257440.0	26636352.0	33819180.0	0.0	689345.0	0.0	0.0	0.0	5005347836.0	2502697922.0	2502649914.0	4227669115.0	4227669115.0	0.0	0.0	31909223.0	0.007547711	148.0	148.0	148.0	150.0	150.0	150.0	39.0	270.9	97.9	13262609.0	603689.0	12805.0	200838.0	78.8	84.45426530152417	83.26601058925733	15.545734698475835	78.76108172936186	100.0	0.0	2.038325589207071	0.0
REF0009-mgg-pbdrep | M301314.lib1	51355732.0	0.0	51355732.0	1.0	25677866.0	25677866.0	44022634.0	43465224.0	7333098.0	40376578.0	51355732.0	0.0	925640.0	0.0	0.0	0.0	7612819595.0	3806427020.0	3806392575.0	6526523991.0	6526523991.0	0.0	0.0	48517082.0	0.007433832	148.0	148.0	148.0	150.0	150.0	150.0	38.9	274.3	102.1	20470215.0	860791.0	18191.0	383415.0	78.6	85.72097463239352	84.63558459258257	14.279025367606483	78.62136596553623	100.0	0.0	1.8024083465502934	0.0
REF0009-mgg-pbdrep | M301315.lib1	42455782.0	0.0	42455782.0	1.0	21227891.0	21227891.0	36419806.0	35958184.0	6035976.0	34183114.0	42455782.0	0.0	808010.0	0.0	0.0	0.0	6288678405.0	3144374876.0	3144303529.0	5395512808.0	5395512808.0	0.0	0.0	41049313.0	0.007608046	148.0	148.0	148.0	150.0	150.0	150.0	38.9	268.1	94.9	16999502.0	733237.0	10368.0	235985.0	80.5	85.78291173626245	84.69561107130237	14.217088263737551	80.5146257817133	100.0	0.0	1.9031801133706596	0.0
REF0009-mgg-pbdrep | M301316.lib1	45973322.0	0.0	45973322.0	1.0	22986661.0	22986661.0	39335027.0	38801262.0	6638295.0	35746486.0	45973322.0	0.0	861358.0	0.0	0.0	0.0	6829239267.0	3414651956.0	3414587311.0	5843879061.0	5843879061.0	0.0	0.0	45536520.0	0.007792174	149.0	149.0	149.0	150.0	150.0	150.0	38.8	286.0	102.3	18385740.0	614520.0	14999.0	385372.0	77.8	85.56054965964826	84.39951761589036	14.439450340351737	77.75484660429804	100.0	0.0	1.8736040001633991	0.0
REF0009-mgg-pbdrep | M301317.lib1	35622616.0	0.0	35622616.0	1.0	17811308.0	17811308.0	30635306.0	30220888.0	4987310.0	27223212.0	35622616.0	0.0	667645.0	0.0	0.0	0.0	5246296152.0	2623160450.0	2623135702.0	4512010990.0	4512010990.0	0.0	0.0	35539822.0	0.007876716	147.0	147.0	147.0	150.0	150.0	150.0	38.8	270.0	114.3	13909242.0	841159.0	10445.0	349598.0	76.4	85.99959643615168	84.83623998866338	14.000403563848316	76.421147733788	100.0	0.0	1.874216649333109	0.0
REF0009-mgg-pbdrep | M301318.lib1	19735130.0	0.0	19735130.0	1.0	9867565.0	9867565.0	16869141.0	16598376.0	2865989.0	14104440.0	19735130.0	0.0	382462.0	0.0	0.0	0.0	2918422895.0	1459225204.0	1459197691.0	2495176480.0	2495176480.0	0.0	0.0	20945942.0	0.008394574	148.0	148.0	148.0	150.0	150.0	150.0	38.6	288.1	124.0	7642851.0	352294.0	7966.0	296077.0	71.5	85.47772930809171	84.1057342920974	14.522270691908288	71.46869567112049	100.0	0.0	1.9379755795882776	0.0
REF0009-mgg-pbdrep | M301319.lib1	29228.0	0.0	29228.0	1.0	14614.0	14614.0	178.0	166.0	29050.0	142.0	29228.0	0.0	27.0	0.0	0.0	0.0	3944776.0	1971078.0	1973698.0	25302.0	25302.0	0.0	0.0	527.0	0.02082839	135.0	135.0	135.0	150.0	150.0	150.0	38.8	227.5	115.2	68.0	7.0	0.0	8.0	0.5	0.6090050636376078	0.5679485424934994	99.39099493636239	0.4858355002052826	100.0	0.0	0.09237717257424388	0.0
REF0009-mgg-pbdrep | M301320.lib1	7754.0	0.0	7754.0	1.0	3877.0	3877.0	113.0	108.0	7641.0	92.0	7754.0	0.0	0.0	0.0	0.0	0.0	1077202.0	538578.0	538624.0	16950.0	16950.0	0.0	0.0	168.0	0.009911505	139.0	139.0	139.0	150.0	150.0	150.0	38.8	221.7	74.8	51.0	0.0	0.0	3.0	1.2	1.457312354913593	1.3928295073510446	98.5426876450864	1.1864843951508899	100.0	0.0	0.0	0.0
REF0009-mgg-pbdrep | M301321.lib1	38104.0	0.0	38104.0	1.0	19052.0	19052.0	240.0	226.0	37864.0	224.0	38104.0	0.0	25.0	0.0	0.0	0.0	5214312.0	2606422.0	2607890.0	34572.0	34572.0	0.0	0.0	615.0	0.01778896	137.0	137.0	137.0	150.0	150.0	150.0	38.7	212.9	81.2	101.0	12.0	0.0	0.0	0.6	0.6298551333193365	0.5931135838757086	99.37014486668066	0.5878647910980475	100.0	0.0	0.06560990972076422	0.0
REF0009-mgg-pbdrep | M301322.lib1	14492330.0	0.0	14492330.0	1.0	7246165.0	7246165.0	12350344.0	12209154.0	2141986.0	11605284.0	14492330.0	0.0	279936.0	0.0	0.0	0.0	2135284167.0	1067637718.0	1067646449.0	1819904452.0	1819904452.0	0.0	0.0	13420502.0	0.007374289	147.0	147.0	147.0	150.0	150.0	150.0	39.0	254.9	95.7	5674877.0	341594.0	3565.0	84541.0	80.1	85.21986457664158	84.24562509962166	14.780135423358425	80.07880030333287	100.0	0.0	1.93161486110239	0.0
REF0009-mgg-pbdrep | M301323.lib1	36180052.0	0.0	36180052.0	1.0	18090026.0	18090026.0	31205323.0	30817410.0	4974729.0	28693374.0	36180052.0	0.0	615152.0	0.0	0.0	0.0	5364686882.0	2682370808.0	2682316074.0	4627669751.0	4627669751.0	0.0	0.0	32307265.0	0.006981325	148.0	148.0	148.0	150.0	150.0	150.0	39.0	277.7	101.6	14560966.0	585257.0	10977.0	251505.0	79.3	86.25007780530554	85.17790411135948	13.74992219469447	79.30716628046859	100.0	0.0	1.70025184043406	0.0
REF0009-mgg-pbdrep | M301324.lib1	38712096.0	0.0	38712096.0	1.0	19356048.0	19356048.0	32877597.0	32450582.0	5834499.0	30281066.0	38712096.0	0.0	698765.0	0.0	0.0	0.0	5744812087.0	2872437322.0	2872374765.0	4879302541.0	4879302541.0	0.0	0.0	36631242.0	0.007507475	148.0	148.0	148.0	150.0	150.0	150.0	38.9	276.7	99.8	15371391.0	570806.0	8729.0	274365.0	78.2	84.92848591819984	83.82543275362822	15.071514081800169	78.22119990609654	100.0	0.0	1.8050301383836205	0.0
REF0009-mgg-pbdrep | M301325.lib1	8354980.0	0.0	8354980.0	1.0	4177490.0	4177490.0	7170035.0	7072380.0	1184945.0	6371848.0	8354980.0	0.0	159919.0	0.0	0.0	0.0	1230675598.0	615333696.0	615341902.0	1056245140.0	1056245140.0	0.0	0.0	8637409.0	0.008177467	147.0	147.0	147.0	150.0	150.0	150.0	38.8	268.9	112.0	3252664.0	193685.0	2654.0	87187.0	76.3	85.81750046080302	84.64867659766989	14.182499539196982	76.26407244541579	100.0	0.0	1.91405604800969	0.0
REF0009-mgg-pbdrep | M301326.lib1	19506816.0	0.0	19506816.0	1.0	9753408.0	9753408.0	16570707.0	16294966.0	2936109.0	14022864.0	19506816.0	0.0	361689.0	0.0	0.0	0.0	2878055915.0	1439009322.0	1439046593.0	2444992980.0	2444992980.0	0.0	0.0	19445454.0	0.007953173	148.0	148.0	148.0	150.0	150.0	150.0	38.7	282.7	125.1	7476951.0	410640.0	7786.0	252106.0	71.9	84.94829192011653	83.5347296042573	15.051708079883463	71.88699580700407	100.0	0.0	1.8541672818362567	0.0
REF0009-mgg-pbdrep | M301327.lib1	1674376.0	0.0	1674376.0	1.0	837188.0	837188.0	1417377.0	1399838.0	256999.0	1271684.0	1674376.0	0.0	30410.0	0.0	0.0	0.0	244912037.0	122455558.0	122456479.0	207787527.0	207787527.0	0.0	0.0	1685245.0	0.008110425	146.0	146.0	146.0	150.0	150.0	150.0	38.8	260.1	110.9	635585.0	46396.0	639.0	17299.0	75.9	84.65105806581079	83.60356335733431	15.348941934189215	75.94972694305223	100.0	0.0	1.8161989899520776	0.0
REF0009-mgg-pbdrep | M301328.lib1	90582.0	0.0	90582.0	1.0	45291.0	45291.0	1413.0	1368.0	89169.0	1236.0	90582.0	0.0	96.0	0.0	0.0	0.0	12245725.0	6122513.0	6123212.0	206157.0	206157.0	0.0	0.0	2434.0	0.01180654	135.0	135.0	135.0	150.0	150.0	150.0	38.9	257.5	114.6	610.0	64.0	0.0	10.0	1.4	1.5599125654103465	1.5102338212889979	98.44008743458966	1.3645095051997085	100.0	0.0	0.10598132079221037	0.0
REF0009-mgg-pbdrep | M301329.lib1	39583460.0	0.0	39583460.0	1.0	19791730.0	19791730.0	33831592.0	33425662.0	5751868.0	31210508.0	39583460.0	0.0	706561.0	0.0	0.0	0.0	5851566505.0	2925798670.0	2925767835.0	5002034207.0	5002034207.0	0.0	0.0	37315136.0	0.007459992	148.0	148.0	148.0	150.0	150.0	150.0	38.8	269.4	102.4	15655180.0	773758.0	9296.0	274597.0	78.8	85.46901155179462	84.44350746498664	14.530988448205386	78.84734684638482	100.0	0.0	1.7849904985567204	0.0
REF0009-mgg-pbdrep | M301330.lib1	106406.0	0.0	106406.0	1.0	53203.0	53203.0	898.0	864.0	105508.0	846.0	106406.0	0.0	135.0	0.0	0.0	0.0	14802586.0	7401124.0	7401462.0	127706.0	127706.0	0.0	0.0	2105.0	0.01648317	139.0	139.0	139.0	150.0	150.0	150.0	38.0	237.0	109.7	387.0	42.0	0.0	3.0	0.8	0.8439373719527095	0.8119842866003797	99.1560626280473	0.795067947296205	100.0	0.0	0.12687254478130933	0.0
REF0009-mgg-pbdrep | M301331.lib1	39076.0	0.0	39076.0	1.0	19538.0	19538.0	4302.0	4268.0	34774.0	4160.0	39076.0	0.0	98.0	0.0	0.0	0.0	5038488.0	2317619.0	2720869.0	602016.0	602016.0	0.0	0.0	4543.0	0.007546311	129.0	119.0	139.0	150.0	150.0	150.0	36.9	191.2	76.1	1765.0	345.0	0.0	24.0	10.6	11.009315180673559	10.922305251305149	88.99068481932643	10.645920769781963	100.0	0.0	0.2507933258265943	0.0
REF0009-mgg-pbdrep | M301332.lib1	101808.0	0.0	101808.0	1.0	50904.0	50904.0	458.0	452.0	101350.0	430.0	101808.0	0.0	41.0	0.0	0.0	0.0	14404784.0	7203380.0	7201404.0	64619.0	64619.0	0.0	0.0	933.0	0.01443848	141.0	142.0	141.0	150.0	150.0	150.0	37.3	234.2	102.0	190.0	29.0	1.0	6.0	0.4	0.44986641521294984	0.443972968725444	99.55013358478705	0.4223636649379223	100.0	0.0	0.040271884331290274	0.0
REF0009-mgg-pbdrep | M301333.lib1	36814.0	0.0	36814.0	1.0	18407.0	18407.0	854.0	816.0	35960.0	810.0	36814.0	0.0	39.0	0.0	0.0	0.0	5046838.0	2523382.0	2523456.0	122082.0	122082.0	0.0	0.0	1402.0	0.01148408	137.0	137.0	137.0	150.0	150.0	150.0	38.9	205.0	84.1	325.0	82.0	1.0	0.0	2.2	2.3197696528494594	2.2165480523713805	97.68023034715054	2.2002499049274733	100.0	0.0	0.10593795838539687	0.0
REF0009-mgg-pbdrep | M301334.lib1	82932.0	0.0	82932.0	1.0	41466.0	41466.0	983.0	942.0	81949.0	928.0	82932.0	0.0	30.0	0.0	0.0	0.0	11433121.0	5713230.0	5719891.0	135024.0	135024.0	0.0	0.0	1189.0	0.008805842	138.0	138.0	138.0	150.0	150.0	150.0	38.8	171.3	68.6	354.0	113.0	0.0	4.0	1.1	1.1853084454733998	1.13587035161337	98.8146915545266	1.1189890512709209	100.0	0.0	0.03617421501953408	0.0
REF0009-mgg-pbdrep | M301335.lib1	50772.0	0.0	50772.0	1.0	25386.0	25386.0	169.0	164.0	50603.0	162.0	50772.0	0.0	15.0	0.0	0.0	0.0	7122165.0	3530832.0	3591333.0	23774.0	23774.0	0.0	0.0	310.0	0.01303945	140.0	139.0	141.0	150.0	150.0	150.0	37.5	219.9	98.0	67.0	15.0	0.0	0.0	0.3	0.3328606318443237	0.32301268415662177	99.66713936815567	0.31907350508154103	100.0	0.0	0.02954384306310565	0.0
REF0009-mgg-pbdrep | M301336.lib1	111810.0	0.0	111810.0	1.0	55905.0	55905.0	715.0	696.0	111095.0	674.0	111810.0	0.0	92.0	0.0	0.0	0.0	15812516.0	7905858.0	7906658.0	99969.0	99969.0	0.0	0.0	1470.0	0.01470456	141.0	141.0	141.0	150.0	150.0	150.0	37.6	195.2	91.3	281.0	65.0	0.0	2.0	0.6	0.6394776853590913	0.6224845720418567	99.3605223146409	0.6028083355692693	100.0	0.0	0.08228244343082014	0.0
REF0009-mgg-pbdrep | M301337.lib1	420562.0	0.0	420562.0	1.0	210281.0	210281.0	2843.0	2660.0	417719.0	2568.0	420562.0	0.0	386.0	0.0	0.0	0.0	58353412.0	29179319.0	29174093.0	395005.0	395005.0	0.0	0.0	8240.0	0.0208605	139.0	139.0	139.0	150.0	150.0	150.0	38.1	189.4	81.8	1100.0	202.0	15.0	13.0	0.6	0.6760002092438213	0.6324870054831393	99.32399979075618	0.6106115150679329	100.0	0.0	0.09178194891597434	0.0
REF0009-mgg-pbdrep | M301338.lib1	18832.0	0.0	18832.0	1.0	9416.0	9416.0	989.0	986.0	17843.0	882.0	18832.0	0.0	15.0	0.0	0.0	0.0	2625068.0	1312525.0	1312543.0	144873.0	144873.0	0.0	0.0	767.0	0.005294292	139.0	139.0	139.0	150.0	150.0	150.0	38.5	235.4	113.8	431.0	47.0	0.0	15.0	4.7	5.251699235344095	5.235768903993203	94.74830076465591	4.683517417162277	100.0	0.0	0.0796516567544605	0.0
REF0009-mgg-pbdrep | M301339.lib1	29372.0	0.0	29372.0	1.0	14686.0	14686.0	8142.0	8066.0	21230.0	7728.0	29372.0	0.0	281.0	0.0	0.0	0.0	4127591.0	2063584.0	2064007.0	1188100.0	1188100.0	0.0	0.0	15075.0	0.01268833	141.0	141.0	141.0	150.0	150.0	150.0	38.7	238.0	94.6	3607.0	374.0	0.0	52.0	26.3	27.720277815606696	27.461527985836852	72.27972218439331	26.31077216396568	100.0	0.0	0.9566934495437832	0.0
REF0009-mgg-pbdrep | M301340.lib1	28092.0	0.0	28092.0	1.0	14046.0	14046.0	174.0	166.0	27918.0	154.0	28092.0	0.0	35.0	0.0	0.0	0.0	3883235.0	1941402.0	1941833.0	24262.0	24262.0	0.0	0.0	547.0	0.02254554	138.0	138.0	138.0	150.0	150.0	150.0	38.9	212.9	110.4	73.0	9.0	0.0	1.0	0.5	0.6193934216146946	0.5909155631496511	99.3806065783853	0.548198775452086	100.0	0.0	0.124590630784565	0.0
REF0009-mgg-pbdrep | M301341.lib1	30376.0	0.0	30376.0	1.0	15188.0	15188.0	540.0	526.0	29836.0	508.0	30376.0	0.0	18.0	0.0	0.0	0.0	3501355.0	1412144.0	2089211.0	79189.0	79189.0	0.0	0.0	739.0	0.009332105	115.0	93.0	138.0	150.0	150.0	150.0	33.6	225.6	80.9	241.0	17.0	0.0	5.0	1.7	1.7777192520410852	1.7316302343955754	98.2222807479589	1.672372925994206	100.0	0.0	0.059257308401369495	0.0
REF0009-mgg-pbdrep | M301342.lib1	96098.0	0.0	96098.0	1.0	48049.0	48049.0	5275.0	5168.0	90823.0	4900.0	96098.0	0.0	167.0	0.0	0.0	0.0	13618325.0	6811058.0	6807267.0	773857.0	773857.0	0.0	0.0	7619.0	0.009845489	142.0	142.0	142.0	150.0	150.0	150.0	37.9	238.5	89.1	2375.0	159.0	0.0	50.0	5.1	5.489188120460364	5.377843451476617	94.51081187953963	5.098961476825741	100.0	0.0	0.17378093196528543	0.0
REF0009-mgg-pbdrep | M301343.lib1	13932.0	0.0	13932.0	1.0	6966.0	6966.0	291.0	280.0	13641.0	266.0	13932.0	0.0	17.0	0.0	0.0	0.0	1904415.0	951924.0	952491.0	41878.0	41878.0	0.0	0.0	498.0	0.01189169	137.0	137.0	137.0	150.0	150.0	150.0	38.9	231.0	97.6	116.0	19.0	1.0	4.0	1.9	2.0887166236003445	2.00976169968418	97.91128337639967	1.9092736146999714	100.0	0.0	0.12202124605225381	0.0
REF0009-mgg-pbdrep | M301344.lib1	44188.0	0.0	44188.0	1.0	22094.0	22094.0	493.0	482.0	43695.0	472.0	44188.0	0.0	20.0	0.0	0.0	0.0	6126937.0	3062964.0	3063973.0	69796.0	69796.0	0.0	0.0	821.0	0.01176285	139.0	139.0	139.0	150.0	150.0	150.0	38.4	183.2	82.5	195.0	45.0	0.0	1.0	1.1	1.115687516972934	1.0907938806915904	98.88431248302707	1.0681633022540056	100.0	0.0	0.045261156875169725	0.0
REF0009-mgg-pbdrep | M301345.lib1	255374.0	0.0	255374.0	1.0	127687.0	127687.0	12577.0	12440.0	242797.0	11928.0	255374.0	0.0	299.0	0.0	0.0	0.0	36566362.0	18290753.0	18275609.0	1844458.0	1844458.0	0.0	0.0	16533.0	0.008963609	143.0	143.0	143.0	150.0	150.0	150.0	37.5	248.9	100.2	5713.0	443.0	2.0	62.0	4.7	4.924933626759184	4.871286818548482	95.07506637324082	4.670796557206294	100.0	0.0	0.11708317996350451	0.0
REF0009-mgg-pbdrep | M301346.lib1	97158.0	0.0	97158.0	1.0	48579.0	48579.0	548.0	516.0	96610.0	494.0	97158.0	0.0	33.0	0.0	0.0	0.0	13649361.0	6786166.0	6863195.0	76590.0	76590.0	0.0	0.0	1045.0	0.01364408	140.0	140.0	141.0	150.0	150.0	150.0	38.7	217.8	107.6	216.0	41.0	0.0	1.0	0.5	0.5640297247781964	0.531093682455382	99.4359702752218	0.5084501533584471	100.0	0.0	0.033965293645402336	0.0
REF0009-mgg-pbdrep | M301347.lib1	206928.0	0.0	206928.0	1.0	103464.0	103464.0	1028.0	994.0	205900.0	974.0	206928.0	0.0	53.0	0.0	0.0	0.0	29442186.0	14723863.0	14718323.0	149291.0	149291.0	0.0	0.0	2380.0	0.01594202	142.0	142.0	142.0	150.0	150.0	150.0	37.4	230.3	83.4	458.0	34.0	0.0	5.0	0.5	0.49679115441119615	0.4803603185649115	99.5032088455888	0.47069512100827343	100.0	0.0	0.025612773525090855	0.0
REF0009-mgg-pbdrep | M301348.lib1	152066.0	0.0	152066.0	1.0	76033.0	76033.0	41893.0	41210.0	110173.0	37452.0	152066.0	0.0	1344.0	0.0	0.0	0.0	21662293.0	10829106.0	10833187.0	6134868.0	6134868.0	0.0	0.0	67570.0	0.01101409	142.0	142.0	142.0	150.0	150.0	150.0	38.6	235.0	96.9	18191.0	1629.0	16.0	769.0	24.6	27.549222048321127	27.100074967448347	72.45077795167887	24.62877960885405	100.0	0.0	0.8838267594334039	0.0
REF0009-mgg-pbdrep | M301349.lib1	57268.0	0.0	57268.0	1.0	28634.0	28634.0	487.0	468.0	56781.0	464.0	57268.0	0.0	108.0	0.0	0.0	0.0	7814814.0	3907214.0	3907600.0	70945.0	70945.0	0.0	0.0	1890.0	0.02664036	136.0	136.0	136.0	150.0	150.0	150.0	39.0	259.8	95.3	211.0	23.0	0.0	0.0	0.8	0.8503876510442132	0.8172103094223649	99.14961234895578	0.8102256059230286	100.0	0.0	0.18858699448208424	0.0
REF0009-mgg-pbdrep | M301350.lib1	129054.0	0.0	129054.0	1.0	64527.0	64527.0	680.0	616.0	128374.0	576.0	129054.0	0.0	86.0	0.0	0.0	0.0	18256572.0	9127892.0	9128680.0	98918.0	98918.0	0.0	0.0	1774.0	0.01793405	141.0	141.0	141.0	150.0	150.0	150.0	38.8	223.6	92.3	266.0	29.0	0.0	13.0	0.4	0.5269112154601949	0.47731957165217664	99.47308878453981	0.44632479427216515	100.0	0.0	0.06663877136702466	0.0
REF0009-mgg-pbdrep | M301351.lib1	497066.0	0.0	497066.0	1.0	248533.0	248533.0	32790.0	32312.0	464276.0	30920.0	497066.0	0.0	1165.0	0.0	0.0	0.0	71766093.0	35893963.0	35872130.0	4851554.0	4851554.0	0.0	0.0	50670.0	0.01044408	144.0	144.0	144.0	150.0	150.0	150.0	37.4	255.2	92.2	15071.0	809.0	14.0	262.0	6.2	6.596709491294919	6.500545199229076	93.40329050870508	6.220501905179594	100.0	0.0	0.23437531434457398	0.0
REF0009-mgg-pbdrep | M301352.lib1	323072.0	0.0	323072.0	1.0	161536.0	161536.0	52910.0	52446.0	270162.0	48840.0	323072.0	0.0	1031.0	0.0	0.0	0.0	46038809.0	23023473.0	23015336.0	7757349.0	7757349.0	0.0	0.0	53753.0	0.0069293	143.0	143.0	142.0	150.0	150.0	150.0	38.2	257.5	111.2	24002.0	1808.0	5.0	408.0	15.1	16.377154318541997	16.233533082408876	83.622845681458	15.11737321711569	100.0	0.0	0.31912391045958793	0.0
REF0009-mgg-pbdrep | M301353.lib1	92194.0	0.0	92194.0	1.0	46097.0	46097.0	1030.0	996.0	91164.0	950.0	92194.0	0.0	24.0	0.0	0.0	0.0	12880602.0	6438932.0	6441670.0	147383.0	147383.0	0.0	0.0	1722.0	0.01168384	140.0	140.0	140.0	150.0	150.0	150.0	38.7	208.6	95.7	459.0	35.0	0.0	4.0	1.0	1.1172093628652624	1.0803306071978653	98.88279063713475	1.030435820118446	100.0	0.0	0.02603206282404495	0.0
REF0009-mgg-pbdrep | M301354.lib1	1213486.0	0.0	1213486.0	1.0	606743.0	606743.0	7034.0	6864.0	1206452.0	6528.0	1213486.0	0.0	231.0	0.0	0.0	0.0	176138411.0	88105641.0	88032770.0	1025897.0	1025897.0	0.0	0.0	9057.0	0.008828372	145.0	145.0	145.0	150.0	150.0	150.0	36.9	227.4	93.8	3070.0	306.0	4.0	52.0	0.5	0.5796523404472733	0.5656431141356391	99.42034765955272	0.5379542903667616	100.0	0.0	0.019036066341103233	0.0
REF0009-mgg-pbdrep | M301355.lib1	16766.0	0.0	16766.0	1.0	8383.0	8383.0	513.0	502.0	16253.0	488.0	16766.0	0.0	16.0	0.0	0.0	0.0	2413649.0	1206711.0	1206938.0	75042.0	75042.0	0.0	0.0	597.0	0.007955545	144.0	144.0	144.0	150.0	150.0	150.0	38.8	498.4	1275.8	214.0	30.0	7.0	0.0	2.9	3.059763807706072	2.994154837170464	96.94023619229392	2.9106525110342356	100.0	0.0	0.09543122986997496	0.0
REF0009-mgg-pbdrep | M301356.lib1	170768.0	0.0	170768.0	1.0	85384.0	85384.0	21006.0	20828.0	149762.0	19336.0	170768.0	0.0	449.0	0.0	0.0	0.0	24136508.0	12069641.0	12066867.0	3075837.0	3075837.0	0.0	0.0	28006.0	0.009105164	141.0	141.0	141.0	150.0	150.0	150.0	38.6	238.5	98.1	9368.0	851.0	12.0	183.0	11.3	12.300899465942097	12.196664480464724	87.6991005340579	11.322964489834161	100.0	0.0	0.26292982291764266	0.0
REF0009-mgg-pbdrep | M301357.lib1	108124.0	0.0	108124.0	1.0	54062.0	54062.0	2010.0	1992.0	106114.0	1852.0	108124.0	0.0	51.0	0.0	0.0	0.0	14898762.0	7449979.0	7448783.0	287054.0	287054.0	0.0	0.0	2674.0	0.00931532	138.0	138.0	138.0	150.0	150.0	150.0	38.4	218.5	95.5	877.0	82.0	0.0	37.0	1.7	1.8589767304206282	1.8423291776108912	98.14102326957938	1.712848211312937	100.0	0.0	0.04716806629425475	0.0
REF0009-mgg-pbdrep | M301358.lib1	591670.0	0.0	591670.0	1.0	295835.0	295835.0	17622.0	17514.0	574048.0	16936.0	591670.0	0.0	258.0	0.0	0.0	0.0	83880854.0	41960764.0	41920090.0	2542422.0	2542422.0	0.0	0.0	10187.0	0.004006809	142.0	142.0	142.0	150.0	150.0	150.0	37.4	221.6	88.6	7742.0	900.0	2.0	113.0	2.9	2.978349417749759	2.960095999459158	97.02165058225025	2.8624064089779777	100.0	0.0	0.04360538813865837	0.0
REF0009-mgg-pbdrep | M301359.lib1	420692.0	0.0	420692.0	1.0	210346.0	210346.0	10318.0	10178.0	410374.0	9630.0	420692.0	0.0	514.0	0.0	0.0	0.0	59980602.0	29997311.0	29983291.0	1512631.0	1512631.0	0.0	0.0	19732.0	0.01304482	143.0	143.0	143.0	150.0	150.0	150.0	37.5	245.1	94.8	4613.0	372.0	3.0	101.0	2.3	2.4526256738896866	2.4193471708518346	97.54737432611032	2.289085601817957	100.0	0.0	0.12217964686754205	0.0
REF0009-mgg-pbdrep | M301360.lib1	575610.0	0.0	575610.0	1.0	287805.0	287805.0	1017.0	930.0	574593.0	918.0	575610.0	0.0	69.0	0.0	0.0	0.0	82623232.0	41322842.0	41300390.0	138048.0	138048.0	0.0	0.0	2168.0	0.01570468	144.0	144.0	144.0	150.0	150.0	150.0	37.5	194.4	99.6	388.0	77.0	0.0	0.0	0.2	0.1766821285245218	0.16156772814926773	99.82331787147548	0.15948298326992236	100.0	0.0	0.011987283056235993	0.0
REF0009-mgg-pbdrep | M301361.lib1	204216.0	0.0	204216.0	1.0	102108.0	102108.0	1513.0	1452.0	202703.0	1452.0	204216.0	0.0	132.0	0.0	0.0	0.0	28756201.0	14348624.0	14407577.0	216075.0	216075.0	0.0	0.0	2955.0	0.01367581	141.0	141.0	141.0	150.0	150.0	150.0	38.3	205.9	73.2	620.0	106.0	0.0	0.0	0.7	0.7408822031574411	0.7110118697849336	99.25911779684256	0.7110118697849336	100.0	0.0	0.06463744270772123	0.0
REF0009-mgg-pbdrep | M301362.lib1	23964.0	0.0	23964.0	1.0	11982.0	11982.0	1002.0	972.0	22962.0	944.0	23964.0	0.0	52.0	0.0	0.0	0.0	3321629.0	1650986.0	1670643.0	145538.0	145538.0	0.0	0.0	1469.0	0.01009358	139.0	138.0	139.0	150.0	150.0	150.0	38.8	237.9	90.5	445.0	37.0	0.0	4.0	3.9	4.181271907861793	4.056084126189284	95.8187280921382	3.939242196628276	100.0	0.0	0.2169921548990152	0.0
REF0009-mgg-pbdrep | M301363.lib1	33530.0	0.0	33530.0	1.0	16765.0	16765.0	346.0	342.0	33184.0	334.0	33530.0	0.0	11.0	0.0	0.0	0.0	4536581.0	2267839.0	2268742.0	47782.0	47782.0	0.0	0.0	540.0	0.01130133	135.0	135.0	135.0	150.0	150.0	150.0	38.9	205.4	90.3	138.0	31.0	0.0	2.0	1.0	1.0319117208470028	1.0199821055770952	98.968088279153	0.9961228750372801	100.0	0.0	0.03280644199224575	0.0
REF0009-mgg-pbdrep | M301364.lib1	7949900.0	0.0	7949900.0	1.0	3974950.0	3974950.0	8779.0	8272.0	7941121.0	8178.0	7949900.0	0.0	1293.0	0.0	0.0	0.0	1127404751.0	563650787.0	563753964.0	1232378.0	1232378.0	0.0	0.0	21089.0	0.01711245	142.0	142.0	142.0	150.0	150.0	150.0	38.8	185.2	69.7	3367.0	741.0	2.0	26.0	0.1	0.11042906200077987	0.104051623290859	99.88957093799922	0.10286921848073562	100.0	0.0	0.016264355526484607	0.0
REF0009-mgg-pbdrep | M301365.lib1	99866.0	0.0	99866.0	1.0	49933.0	49933.0	1269.0	1226.0	98597.0	1158.0	99866.0	0.0	73.0	0.0	0.0	0.0	13958767.0	6982700.0	6976067.0	183385.0	183385.0	0.0	0.0	2279.0	0.01242741	140.0	140.0	140.0	150.0	150.0	150.0	37.8	228.0	98.1	531.0	67.0	0.0	15.0	1.2	1.270702741673843	1.2276450443594416	98.72929725832616	1.159553802094807	100.0	0.0	0.07309795125468127	0.0
REF0009-mgg-pbdrep | M301366.lib1	28172.0	0.0	28172.0	1.0	14086.0	14086.0	496.0	486.0	27676.0	476.0	28172.0	0.0	42.0	0.0	0.0	0.0	3905739.0	1946411.0	1959328.0	71484.0	71484.0	0.0	0.0	1213.0	0.01696883	139.0	138.0	139.0	150.0	150.0	150.0	38.7	231.3	91.9	217.0	23.0	1.0	2.0	1.7	1.760613374982252	1.7251171375834162	98.23938662501774	1.6896209001845803	100.0	0.0	0.14908419707511003	0.0
REF0009-mgg-pbdrep | M301367.lib1	25232.0	0.0	25232.0	1.0	12616.0	12616.0	486.0	460.0	24746.0	440.0	25232.0	0.0	32.0	0.0	0.0	0.0	3509796.0	1747885.0	1761911.0	69502.0	69502.0	0.0	0.0	857.0	0.01233058	139.0	139.0	140.0	150.0	150.0	150.0	38.2	207.3	79.9	201.0	24.0	0.0	5.0	1.7	1.926125554850983	1.8230818008877616	98.07387444514902	1.7438173747622066	100.0	0.0	0.12682308180088775	0.0
REF0009-mgg-pbdrep | M301368.lib1	113690.0	0.0	113690.0	1.0	56845.0	56845.0	307.0	272.0	113383.0	256.0	113690.0	0.0	75.0	0.0	0.0	0.0	15661059.0	7821294.0	7839765.0	42832.0	42832.0	0.0	0.0	1255.0	0.02930052	138.0	138.0	138.0	150.0	150.0	150.0	38.2	221.7	108.8	110.0	23.0	0.0	3.0	0.2	0.27003254463893045	0.23924707538042042	99.72996745536106	0.2251737180051016	100.0	0.0	0.0659688626968071	0.0
REF0009-mgg-pbdrep | M301369.lib1	37346.0	0.0	37346.0	1.0	18673.0	18673.0	79.0	76.0	37267.0	76.0	37346.0	0.0	22.0	0.0	0.0	0.0	5087493.0	2542865.0	2544628.0	10919.0	10919.0	0.0	0.0	304.0	0.02784138	136.0	136.0	136.0	150.0	150.0	150.0	38.9	218.8	91.0	31.0	7.0	0.0	0.0	0.2	0.2115353719273818	0.20350238312001287	99.78846462807262	0.20350238312001287	100.0	0.0	0.05890858458737214	0.0
REF0009-mgg-pbdrep | M301370.lib1	210826.0	0.0	210826.0	1.0	105413.0	105413.0	2169.0	2032.0	208657.0	1914.0	210826.0	0.0	209.0	0.0	0.0	0.0	30232843.0	15117593.0	15115250.0	319644.0	319644.0	0.0	0.0	4563.0	0.01427526	143.0	143.0	143.0	150.0	150.0	150.0	38.3	263.8	107.1	963.0	47.0	1.0	5.0	0.9	1.0288104882699478	0.9638279908550179	98.97118951173005	0.9078576646144214	100.0	0.0	0.0991338829176667	0.0
REF0009-mgg-pbdrep | M301371.lib1	108888.0	0.0	108888.0	1.0	54444.0	54444.0	5139.0	5024.0	103749.0	4940.0	108888.0	0.0	240.0	0.0	0.0	0.0	15383506.0	7691853.0	7691653.0	738314.0	738314.0	0.0	0.0	7057.0	0.009558264	141.0	141.0	141.0	150.0	150.0	150.0	38.9	207.6	82.6	2197.0	294.0	0.0	21.0	4.5	4.719528322680185	4.613915215634414	95.28047167731981	4.536771728748806	100.0	0.0	0.22040996253030637	0.0
REF0009-mgg-pbdrep | M301372.lib1	82246.0	0.0	82246.0	1.0	41123.0	41123.0	868.0	860.0	81378.0	816.0	82246.0	0.0	100.0	0.0	0.0	0.0	11736204.0	5867389.0	5868815.0	125164.0	125164.0	0.0	0.0	2122.0	0.01695376	143.0	143.0	143.0	150.0	150.0	150.0	38.8	253.3	104.0	380.0	40.0	0.0	10.0	1.0	1.0553704739440217	1.0456435571334777	98.94462952605598	0.9921455146754857	100.0	0.0	0.12158646013179972	0.0
REF0009-mgg-pbdrep | M301373.lib1	94822.0	0.0	94822.0	1.0	47411.0	47411.0	784.0	748.0	94038.0	674.0	94822.0	0.0	82.0	0.0	0.0	0.0	13618965.0	6809132.0	6809833.0	114854.0	114854.0	0.0	0.0	1961.0	0.01707385	144.0	144.0	144.0	150.0	150.0	150.0	38.5	238.6	82.6	331.0	25.0	2.0	16.0	0.7	0.8268123431271224	0.788846470228428	99.17318765687287	0.7108055092700006	100.0	0.0	0.08647782160258168	0.0
REF0009-mgg-pbdrep | M301374.lib1	438220.0	0.0	438220.0	1.0	219110.0	219110.0	11958.0	11782.0	426262.0	11144.0	438220.0	0.0	665.0	0.0	0.0	0.0	63486465.0	31755454.0	31731011.0	1769491.0	1769491.0	0.0	0.0	27035.0	0.0152784	145.0	145.0	145.0	150.0	150.0	150.0	37.5	258.0	91.2	5515.0	227.0	0.0	149.0	2.5	2.72876637305463	2.6886038975856876	97.27123362694537	2.543014924010771	100.0	0.0	0.15175026242526585	0.0
REF0009-mgg-pbdrep | M301375.lib1	421352.0	0.0	421352.0	1.0	210676.0	210676.0	70306.0	69632.0	351046.0	68408.0	421352.0	0.0	1398.0	0.0	0.0	0.0	60777831.0	30390812.0	30387019.0	10249386.0	10249386.0	0.0	0.0	72838.0	0.007106572	144.0	144.0	144.0	150.0	150.0	150.0	38.6	212.4	76.3	30931.0	3652.0	27.0	206.0	16.2	16.68581138810306	16.52585012056428	83.31418861189694	16.235356661413736	100.0	0.0	0.3317890979513566	0.0
REF0009-mgg-pbdrep | M301376.lib1	97186.0	0.0	97186.0	1.0	48593.0	48593.0	1827.0	1772.0	95359.0	1696.0	97186.0	0.0	134.0	0.0	0.0	0.0	13961990.0	6981019.0	6980971.0	264367.0	264367.0	0.0	0.0	3322.0	0.01256587	144.0	144.0	144.0	150.0	150.0	150.0	39.0	204.4	73.6	781.0	85.0	0.0	20.0	1.7	1.8799003971765482	1.8233078838515837	98.12009960282346	1.7451073199843599	100.0	0.0	0.13787994155536806	0.0
REF0009-mgg-pbdrep | M301377.lib1	1204300.0	0.0	1204300.0	1.0	602150.0	602150.0	448.0	320.0	1203852.0	306.0	1204300.0	0.0	59.0	0.0	0.0	0.0	175354289.0	87718445.0	87635844.0	65268.0	65268.0	0.0	0.0	2056.0	0.03150089	146.0	146.0	146.0	150.0	150.0	150.0	37.0	208.8	79.4	126.0	29.0	0.0	5.0	0.0	0.03720003321431537	0.026571452295939553	99.96279996678568	0.025408951257992196	100.0	0.0	0.004899111517063855	0.0
