Sample	total_passed	total_failed	secondary_passed	secondary_failed	supplementary_passed	supplementary_failed	duplicates_passed	duplicates_failed	mapped_passed	mapped_failed	mapped_passed_pct	mapped_failed_pct	paired in sequencing_passed	paired in sequencing_failed	read1_passed	read1_failed	read2_passed	read2_failed	properly paired_passed	properly paired_failed	properly paired_passed_pct	properly paired_failed_pct	with itself and mate mapped_passed	with itself and mate mapped_failed	singletons_passed	singletons_failed	singletons_passed_pct	singletons_failed_pct	with mate mapped to a different chr_passed	with mate mapped to a different chr_failed	with mate mapped to a different chr (mapQ >= 5)_passed	with mate mapped to a different chr (mapQ >= 5)_failed	flagstat_total
GRCg7b | M301186.lib1	15162	0	0	0	0	0	0	0	6	0	0.04	nan	15162	0	7581	0	7581	0	0	0	0.0	nan	6	0	0	0	0.0	nan	0	0	0	0	15162
GRCg7b | M301187.lib1	2908824	0	0	0	0	0	0	0	3790	0	0.13	nan	2908824	0	1454412	0	1454412	0	3432	0	0.12	nan	3588	0	202	0	0.01	nan	6	0	1	0	2908824
GRCg7b | M301188.lib1	9975630	0	0	0	0	0	0	0	532	0	0.01	nan	9975630	0	4987815	0	4987815	0	100	0	0.0	nan	100	0	432	0	0.0	nan	0	0	0	0	9975630
GRCg7b | M301189.lib1	921786	0	0	0	0	0	0	0	241	0	0.03	nan	921786	0	460893	0	460893	0	198	0	0.02	nan	198	0	43	0	0.0	nan	0	0	0	0	921786
GRCg7b | M301190.lib1	132804	0	0	0	0	0	0	0	117559	0	88.52	nan	132804	0	66402	0	66402	0	106026	0	79.84	nan	116324	0	1235	0	0.93	nan	170	0	56	0	132804
GRCg7b | M301191.lib1	10831314	0	0	0	0	0	0	0	555	0	0.01	nan	10831314	0	5415657	0	5415657	0	184	0	0.0	nan	192	0	363	0	0.0	nan	2	0	1	0	10831314
GRCg7b | M301192.lib1	23077922	0	0	0	0	0	0	0	3071	0	0.01	nan	23077922	0	11538961	0	11538961	0	1882	0	0.01	nan	1912	0	1159	0	0.01	nan	0	0	0	0	23077922
GRCg7b | M301193.lib1	43997430	0	0	0	0	0	0	0	1900	0	0.0	nan	43997430	0	21998715	0	21998715	0	1044	0	0.0	nan	1080	0	820	0	0.0	nan	0	0	0	0	43997430
GRCg7b | M301194.lib1	7502452	0	0	0	0	0	0	0	238	0	0.0	nan	7502452	0	3751226	0	3751226	0	66	0	0.0	nan	80	0	158	0	0.0	nan	0	0	0	0	7502452
GRCg7b | M301195.lib1	16011202	0	0	0	0	0	0	0	1811	0	0.01	nan	16011202	0	8005601	0	8005601	0	1182	0	0.01	nan	1196	0	615	0	0.0	nan	2	0	0	0	16011202
GRCg7b | M301196.lib1	17620	0	0	0	0	0	0	0	2142	0	12.16	nan	17620	0	8810	0	8810	0	2074	0	11.77	nan	2128	0	14	0	0.08	nan	2	0	0	0	17620
GRCg7b | M301197.lib1	7308	0	0	0	0	0	0	0	33	0	0.45	nan	7308	0	3654	0	3654	0	32	0	0.44	nan	32	0	1	0	0.01	nan	0	0	0	0	7308
GRCg7b | M301198.lib1	16476048	0	0	0	0	0	0	0	57086	0	0.35	nan	16476048	0	8238024	0	8238024	0	53888	0	0.33	nan	55690	0	1396	0	0.01	nan	86	0	28	0	16476048
GRCg7b | M301199.lib1	12540786	0	0	0	0	0	0	0	1908	0	0.02	nan	12540786	0	6270393	0	6270393	0	1340	0	0.01	nan	1362	0	546	0	0.0	nan	0	0	0	0	12540786
GRCg7b | M301200.lib1	13826928	0	0	0	0	0	0	0	9736	0	0.07	nan	13826928	0	6913464	0	6913464	0	8868	0	0.06	nan	9132	0	604	0	0.0	nan	4	0	2	0	13826928
GRCg7b | M301201.lib1	8431806	0	0	0	0	0	0	0	2224	0	0.03	nan	8431806	0	4215903	0	4215903	0	1710	0	0.02	nan	1752	0	472	0	0.01	nan	0	0	0	0	8431806
GRCg7b | M301202.lib1	16506448	0	0	0	0	0	0	0	1678	0	0.01	nan	16506448	0	8253224	0	8253224	0	658	0	0.0	nan	668	0	1010	0	0.01	nan	0	0	0	0	16506448
GRCg7b | M301203.lib1	18240762	0	0	0	0	0	0	0	1206	0	0.01	nan	18240762	0	9120381	0	9120381	0	420	0	0.0	nan	420	0	786	0	0.0	nan	0	0	0	0	18240762
GRCg7b | M301204.lib1	1339794	0	0	0	0	0	0	0	202	0	0.02	nan	1339794	0	669897	0	669897	0	54	0	0.0	nan	58	0	144	0	0.01	nan	0	0	0	0	1339794
GRCg7b | M301205.lib1	450786	0	0	0	0	0	0	0	260	0	0.06	nan	450786	0	225393	0	225393	0	228	0	0.05	nan	236	0	24	0	0.01	nan	0	0	0	0	450786
GRCg7b | M301206.lib1	2787154	0	0	0	0	0	0	0	356	0	0.01	nan	2787154	0	1393577	0	1393577	0	198	0	0.01	nan	198	0	158	0	0.01	nan	0	0	0	0	2787154
GRCg7b | M301207.lib1	4306	0	0	0	0	0	0	0	8	0	0.19	nan	4306	0	2153	0	2153	0	0	0	0.0	nan	0	0	8	0	0.19	nan	0	0	0	0	4306
GRCg7b | M301208.lib1	7410522	0	0	0	0	0	0	0	8161	0	0.11	nan	7410522	0	3705261	0	3705261	0	7256	0	0.1	nan	7472	0	689	0	0.01	nan	2	0	2	0	7410522
GRCg7b | M301209.lib1	480508	0	0	0	0	0	0	0	438456	0	91.25	nan	480508	0	240254	0	240254	0	383824	0	79.88	nan	435146	0	3310	0	0.69	nan	626	0	254	0	480508
GRCg7b | M301210.lib1	17123616	0	0	0	0	0	0	0	2464	0	0.01	nan	17123616	0	8561808	0	8561808	0	1136	0	0.01	nan	1176	0	1288	0	0.01	nan	0	0	0	0	17123616
GRCg7b | M301211.lib1	33829316	0	0	0	0	0	0	0	2967	0	0.01	nan	33829316	0	16914658	0	16914658	0	2014	0	0.01	nan	2054	0	913	0	0.0	nan	0	0	0	0	33829316
GRCg7b | M301212.lib1	62232210	0	0	0	0	0	0	0	2408	0	0.0	nan	62232210	0	31116105	0	31116105	0	576	0	0.0	nan	578	0	1830	0	0.0	nan	0	0	0	0	62232210
GRCg7b | M301213.lib1	121176	0	0	0	0	0	0	0	390	0	0.32	nan	121176	0	60588	0	60588	0	364	0	0.3	nan	384	0	6	0	0.0	nan	0	0	0	0	121176
GRCg7b | M301214.lib1	5837238	0	0	0	0	0	0	0	993	0	0.02	nan	5837238	0	2918619	0	2918619	0	188	0	0.0	nan	194	0	799	0	0.01	nan	0	0	0	0	5837238
GRCg7b | M301215.lib1	350194	0	0	0	0	0	0	0	65	0	0.02	nan	350194	0	175097	0	175097	0	34	0	0.01	nan	38	0	27	0	0.01	nan	4	0	1	0	350194
GRCg7b | M301216.lib1	35237018	0	0	0	0	0	0	0	1785	0	0.01	nan	35237018	0	17618509	0	17618509	0	434	0	0.0	nan	446	0	1339	0	0.0	nan	0	0	0	0	35237018
GRCg7b | M301217.lib1	30422	0	0	0	0	0	0	0	102	0	0.34	nan	30422	0	15211	0	15211	0	88	0	0.29	nan	96	0	6	0	0.02	nan	0	0	0	0	30422
GRCg7b | M301218.lib1	50452	0	0	0	0	0	0	0	20048	0	39.74	nan	50452	0	25226	0	25226	0	19402	0	38.46	nan	19958	0	90	0	0.18	nan	12	0	4	0	50452
GRCg7b | M301219.lib1	24309504	0	0	0	0	0	0	0	6127	0	0.03	nan	24309504	0	12154752	0	12154752	0	4750	0	0.02	nan	4936	0	1191	0	0.0	nan	2	0	1	0	24309504
GRCg7b | M301220.lib1	67022	0	0	0	0	0	0	0	15	0	0.02	nan	67022	0	33511	0	33511	0	0	0	0.0	nan	0	0	15	0	0.02	nan	0	0	0	0	67022
GRCg7b | M301221.lib1	57674	0	0	0	0	0	0	0	19	0	0.03	nan	57674	0	28837	0	28837	0	12	0	0.02	nan	12	0	7	0	0.01	nan	0	0	0	0	57674
GRCg7b | M301222.lib1	2803300	0	0	0	0	0	0	0	1630	0	0.06	nan	2803300	0	1401650	0	1401650	0	1338	0	0.05	nan	1434	0	196	0	0.01	nan	0	0	0	0	2803300
GRCg7b | M301223.lib1	30565372	0	0	0	0	0	0	0	2444	0	0.01	nan	30565372	0	15282686	0	15282686	0	310	0	0.0	nan	312	0	2132	0	0.01	nan	0	0	0	0	30565372
GRCg7b | M301224.lib1	11734502	0	0	0	0	0	0	0	1856	0	0.02	nan	11734502	0	5867251	0	5867251	0	864	0	0.01	nan	926	0	930	0	0.01	nan	2	0	0	0	11734502
GRCg7b | M301225.lib1	5930890	0	0	0	0	0	0	0	1044	0	0.02	nan	5930890	0	2965445	0	2965445	0	658	0	0.01	nan	708	0	336	0	0.01	nan	2	0	1	0	5930890
GRCg7b | M301226.lib1	1292518	0	0	0	0	0	0	0	140	0	0.01	nan	1292518	0	646259	0	646259	0	8	0	0.0	nan	10	0	130	0	0.01	nan	2	0	1	0	1292518
GRCg7b | M301227.lib1	493022	0	0	0	0	0	0	0	44	0	0.01	nan	493022	0	246511	0	246511	0	0	0	0.0	nan	0	0	44	0	0.01	nan	0	0	0	0	493022
GRCg7b | M301228.lib1	2924	0	0	0	0	0	0	0	7	0	0.24	nan	2924	0	1462	0	1462	0	4	0	0.14	nan	4	0	3	0	0.1	nan	0	0	0	0	2924
GRCg7b | M301229.lib1	16218642	0	0	0	0	0	0	0	2372272	0	14.63	nan	16218642	0	8109321	0	8109321	0	2195568	0	13.54	nan	2331722	0	40550	0	0.25	nan	3534	0	1388	0	16218642
GRCg7b | M301230.lib1	80790	0	0	0	0	0	0	0	14	0	0.02	nan	80790	0	40395	0	40395	0	0	0	0.0	nan	0	0	14	0	0.02	nan	0	0	0	0	80790
GRCg7b | M301231.lib1	55594	0	0	0	0	0	0	0	14	0	0.03	nan	55594	0	27797	0	27797	0	0	0	0.0	nan	0	0	14	0	0.03	nan	0	0	0	0	55594
GRCg7b | M301232.lib1	344	0	0	0	0	0	0	0	0	0	0.0	nan	344	0	172	0	172	0	0	0	0.0	nan	0	0	0	0	0.0	nan	0	0	0	0	344
GRCg7b | M301233.lib1	33717698	0	0	0	0	0	0	0	5365	0	0.02	nan	33717698	0	16858849	0	16858849	0	3084	0	0.01	nan	3280	0	2085	0	0.01	nan	18	0	0	0	33717698
GRCg7b | M301234.lib1	208674	0	0	0	0	0	0	0	187699	0	89.95	nan	208674	0	104337	0	104337	0	170126	0	81.53	nan	185162	0	2537	0	1.22	nan	310	0	126	0	208674
GRCg7b | M301235.lib1	3727756	0	0	0	0	0	0	0	3541520	0	95.0	nan	3727756	0	1863878	0	1863878	0	3308378	0	88.75	nan	3507268	0	34252	0	0.92	nan	5474	0	2014	0	3727756
GRCg7b | M301236.lib1	903434	0	0	0	0	0	0	0	856503	0	94.81	nan	903434	0	451717	0	451717	0	781646	0	86.52	nan	848294	0	8209	0	0.91	nan	1518	0	521	0	903434
GRCg7b | M301237.lib1	1006170	0	0	0	0	0	0	0	956158	0	95.03	nan	1006170	0	503085	0	503085	0	869124	0	86.38	nan	945800	0	10358	0	1.03	nan	2036	0	795	0	1006170
GRCg7b | M301238.lib1	477512	0	0	0	0	0	0	0	443816	0	92.94	nan	477512	0	238756	0	238756	0	416842	0	87.29	nan	439776	0	4040	0	0.85	nan	696	0	255	0	477512
GRCg7b | M301239.lib1	85244	0	0	0	0	0	0	0	10626	0	12.47	nan	85244	0	42622	0	42622	0	10298	0	12.08	nan	10474	0	152	0	0.18	nan	6	0	2	0	85244
GRCg7b | M301240.lib1	2465486	0	0	0	0	0	0	0	944760	0	38.32	nan	2465486	0	1232743	0	1232743	0	868096	0	35.21	nan	932542	0	12218	0	0.5	nan	1404	0	455	0	2465486
GRCg7b | M301241.lib1	24278	0	0	0	0	0	0	0	212	0	0.87	nan	24278	0	12139	0	12139	0	188	0	0.77	nan	204	0	8	0	0.03	nan	0	0	0	0	24278
GRCg7b | M301242.lib1	9651872	0	0	0	0	0	0	0	9278360	0	96.13	nan	9651872	0	4825936	0	4825936	0	8429892	0	87.34	nan	9201674	0	76686	0	0.79	nan	15824	0	5840	0	9651872
GRCg7b | M301243.lib1	988064	0	0	0	0	0	0	0	913615	0	92.47	nan	988064	0	494032	0	494032	0	891536	0	90.23	nan	906404	0	7211	0	0.73	nan	900	0	358	0	988064
GRCg7b | M301244.lib1	857266	0	0	0	0	0	0	0	567875	0	66.24	nan	857266	0	428633	0	428633	0	535870	0	62.51	nan	562618	0	5257	0	0.61	nan	570	0	247	0	857266
GRCg7b | M301245.lib1	432092	0	0	0	0	0	0	0	265052	0	61.34	nan	432092	0	216046	0	216046	0	257192	0	59.52	nan	262556	0	2496	0	0.58	nan	182	0	76	0	432092
GRCg7b | M301246.lib1	48086	0	0	0	0	0	0	0	920	0	1.91	nan	48086	0	24043	0	24043	0	866	0	1.8	nan	918	0	2	0	0.0	nan	0	0	0	0	48086
GRCg7b | M301247.lib1	1075640	0	0	0	0	0	0	0	940609	0	87.45	nan	1075640	0	537820	0	537820	0	900822	0	83.75	nan	931320	0	9289	0	0.86	nan	1212	0	369	0	1075640
GRCg7b | M301248.lib1	2194922	0	0	0	0	0	0	0	2076668	0	94.61	nan	2194922	0	1097461	0	1097461	0	1935800	0	88.19	nan	2057840	0	18828	0	0.86	nan	3252	0	1264	0	2194922
GRCg7b | M301249.lib1	227734	0	0	0	0	0	0	0	122082	0	53.61	nan	227734	0	113867	0	113867	0	115682	0	50.8	nan	121236	0	846	0	0.37	nan	76	0	18	0	227734
GRCg7b | M301250.lib1	1413550	0	0	0	0	0	0	0	1288648	0	91.16	nan	1413550	0	706775	0	706775	0	1273970	0	90.13	nan	1279670	0	8978	0	0.64	nan	742	0	223	0	1413550
GRCg7b | M301251.lib1	6005546	0	0	0	0	0	0	0	5601979	0	93.28	nan	6005546	0	3002773	0	3002773	0	5275298	0	87.84	nan	5552406	0	49573	0	0.83	nan	8086	0	2935	0	6005546
GRCg7b | M301252.lib1	3275660	0	0	0	0	0	0	0	2650244	0	80.91	nan	3275660	0	1637830	0	1637830	0	2496562	0	76.22	nan	2618238	0	32006	0	0.98	nan	4218	0	1371	0	3275660
GRCg7b | M301253.lib1	65124	0	0	0	0	0	0	0	67	0	0.1	nan	65124	0	32562	0	32562	0	48	0	0.07	nan	48	0	19	0	0.03	nan	0	0	0	0	65124
GRCg7b | M301254.lib1	19298	0	0	0	0	0	0	0	9	0	0.05	nan	19298	0	9649	0	9649	0	0	0	0.0	nan	0	0	9	0	0.05	nan	0	0	0	0	19298
GRCg7b | M301255.lib1	2021450	0	0	0	0	0	0	0	1274857	0	63.07	nan	2021450	0	1010725	0	1010725	0	1132244	0	56.01	nan	1219016	0	55841	0	2.76	nan	6802	0	2223	0	2021450
GRCg7b | M301256.lib1	66884468	0	0	0	0	0	0	0	64997247	0	97.18	nan	66884468	0	33442234	0	33442234	0	59735380	0	89.31	nan	64488742	0	508505	0	0.76	nan	185600	0	121932	0	66884468
GRCg7b | M301257.lib1	155234	0	0	0	0	0	0	0	21753	0	14.01	nan	155234	0	77617	0	77617	0	20876	0	13.45	nan	21194	0	559	0	0.36	nan	16	0	2	0	155234
GRCg7b | M301258.lib1	1039824	0	0	0	0	0	0	0	898826	0	86.44	nan	1039824	0	519912	0	519912	0	862170	0	82.91	nan	888274	0	10552	0	1.01	nan	948	0	327	0	1039824
GRCg7b | M301259.lib1	1379064	0	0	0	0	0	0	0	167012	0	12.11	nan	1379064	0	689532	0	689532	0	152730	0	11.07	nan	165404	0	1608	0	0.12	nan	236	0	56	0	1379064
GRCg7b | M301260.lib1	58146	0	0	0	0	0	0	0	70	0	0.12	nan	58146	0	29073	0	29073	0	60	0	0.1	nan	62	0	8	0	0.01	nan	0	0	0	0	58146
GRCg7b | M301261.lib1	40159710	0	0	0	0	0	0	0	38234260	0	95.21	nan	40159710	0	20079855	0	20079855	0	36653306	0	91.27	nan	37852954	0	381306	0	0.95	nan	41046	0	15583	0	40159710
GRCg7b | M301262.lib1	14017152	0	0	0	0	0	0	0	13132018	0	93.69	nan	14017152	0	7008576	0	7008576	0	12779430	0	91.17	nan	13009824	0	122194	0	0.87	nan	12972	0	4636	0	14017152
GRCg7b | M301263.lib1	219268	0	0	0	0	0	0	0	96830	0	44.16	nan	219268	0	109634	0	109634	0	94636	0	43.16	nan	95670	0	1160	0	0.53	nan	100	0	41	0	219268
GRCg7b | M301264.lib1	223800	0	0	0	0	0	0	0	135454	0	60.52	nan	223800	0	111900	0	111900	0	131256	0	58.65	nan	134484	0	970	0	0.43	nan	124	0	48	0	223800
GRCg7b | M301265.lib1	3682254	0	0	0	0	0	0	0	3016587	0	81.92	nan	3682254	0	1841127	0	1841127	0	2931122	0	79.6	nan	2993628	0	22959	0	0.62	nan	2222	0	735	0	3682254
GRCg7b | M301266.lib1	1231214	0	0	0	0	0	0	0	1146247	0	93.1	nan	1231214	0	615607	0	615607	0	1097972	0	89.18	nan	1136844	0	9403	0	0.76	nan	1286	0	462	0	1231214
GRCg7b | M301267.lib1	44540	0	0	0	0	0	0	0	22540	0	50.61	nan	44540	0	22270	0	22270	0	21248	0	47.71	nan	22296	0	244	0	0.55	nan	18	0	2	0	44540
GRCg7b | M301268.lib1	1821460	0	0	0	0	0	0	0	1686594	0	92.6	nan	1821460	0	910730	0	910730	0	1578184	0	86.64	nan	1672604	0	13990	0	0.77	nan	2234	0	788	0	1821460
GRCg7b | M301269.lib1	23934	0	0	0	0	0	0	0	416	0	1.74	nan	23934	0	11967	0	11967	0	406	0	1.7	nan	410	0	6	0	0.03	nan	0	0	0	0	23934
GRCg7b | M301270.lib1	55652696	0	0	0	0	0	0	0	54117289	0	97.24	nan	55652696	0	27826348	0	27826348	0	47275370	0	84.95	nan	53686584	0	430705	0	0.77	nan	136256	0	66557	0	55652696
GRCg7b | M301271.lib1	3021924	0	0	0	0	0	0	0	2898498	0	95.92	nan	3021924	0	1510962	0	1510962	0	2606140	0	86.24	nan	2876146	0	22352	0	0.74	nan	5614	0	2161	0	3021924
GRCg7b | M301272.lib1	6424	0	0	0	0	0	0	0	4	0	0.06	nan	6424	0	3212	0	3212	0	0	0	0.0	nan	0	0	4	0	0.06	nan	0	0	0	0	6424
GRCg7b | M301273.lib1	128228	0	0	0	0	0	0	0	66349	0	51.74	nan	128228	0	64114	0	64114	0	64822	0	50.55	nan	65862	0	487	0	0.38	nan	160	0	137	0	128228
GRCg7b | M301274.lib1	103174	0	0	0	0	0	0	0	2854	0	2.77	nan	103174	0	51587	0	51587	0	2772	0	2.69	nan	2826	0	28	0	0.03	nan	0	0	0	0	103174
GRCg7b | M301275.lib1	8093450	0	0	0	0	0	0	0	7654151	0	94.57	nan	8093450	0	4046725	0	4046725	0	7229254	0	89.32	nan	7579216	0	74935	0	0.93	nan	13166	0	4987	0	8093450
GRCg7b | M301276.lib1	2597740	0	0	0	0	0	0	0	2429644	0	93.53	nan	2597740	0	1298870	0	1298870	0	2248378	0	86.55	nan	2406422	0	23222	0	0.89	nan	3834	0	1434	0	2597740
GRCg7b | M301277.lib1	232042	0	0	0	0	0	0	0	190560	0	82.12	nan	232042	0	116021	0	116021	0	177208	0	76.37	nan	187832	0	2728	0	1.18	nan	250	0	108	0	232042
GRCg7b | M301278.lib1	2246516	0	0	0	0	0	0	0	2079918	0	92.58	nan	2246516	0	1123258	0	1123258	0	1877780	0	83.59	nan	2047542	0	32376	0	1.44	nan	3696	0	1359	0	2246516
GRCg7b | M301279.lib1	361960	0	0	0	0	0	0	0	272673	0	75.33	nan	361960	0	180980	0	180980	0	245664	0	67.87	nan	268086	0	4587	0	1.27	nan	622	0	220	0	361960
GRCg7b | M301280.lib1	41467004	0	0	0	0	0	0	0	40197836	0	96.94	nan	41467004	0	20733502	0	20733502	0	37567820	0	90.6	nan	39892676	0	305160	0	0.74	nan	60206	0	29779	0	41467004
GRCg7b | M301281.lib1	43525754	0	0	0	0	0	0	0	42438159	0	97.5	nan	43525754	0	21762877	0	21762877	0	37715462	0	86.65	nan	42137948	0	300211	0	0.69	nan	95780	0	50208	0	43525754
GRCg7b | M301282.lib1	18525514	0	0	0	0	0	0	0	5148	0	0.03	nan	18525514	0	9262757	0	9262757	0	3834	0	0.02	nan	4118	0	1030	0	0.01	nan	18	0	6	0	18525514
GRCg7b | M301283.lib1	14146038	0	0	0	0	0	0	0	19439	0	0.14	nan	14146038	0	7073019	0	7073019	0	18050	0	0.13	nan	18762	0	677	0	0.0	nan	18	0	2	0	14146038
GRCg7b | M301284.lib1	42196	0	0	0	0	0	0	0	128	0	0.3	nan	42196	0	21098	0	21098	0	18	0	0.04	nan	20	0	108	0	0.26	nan	2	0	1	0	42196
GRCg7b | M301285.lib1	7326532	0	0	0	0	0	0	0	56732	0	0.77	nan	7326532	0	3663266	0	3663266	0	51156	0	0.7	nan	55964	0	768	0	0.01	nan	60	0	18	0	7326532
GRCg7b | M301286.lib1	41396	0	0	0	0	0	0	0	34	0	0.08	nan	41396	0	20698	0	20698	0	34	0	0.08	nan	34	0	0	0	0.0	nan	0	0	0	0	41396
GRCg7b | M301287.lib1	13380984	0	0	0	0	0	0	0	1096	0	0.01	nan	13380984	0	6690492	0	6690492	0	666	0	0.0	nan	680	0	416	0	0.0	nan	0	0	0	0	13380984
GRCg7b | M301288.lib1	28864	0	0	0	0	0	0	0	12	0	0.04	nan	28864	0	14432	0	14432	0	8	0	0.03	nan	8	0	4	0	0.01	nan	0	0	0	0	28864
GRCg7b | M301289.lib1	12737482	0	0	0	0	0	0	0	2159	0	0.02	nan	12737482	0	6368741	0	6368741	0	674	0	0.01	nan	758	0	1401	0	0.01	nan	0	0	0	0	12737482
GRCg7b | M301290.lib1	59424	0	0	0	0	0	0	0	159	0	0.27	nan	59424	0	29712	0	29712	0	112	0	0.19	nan	144	0	15	0	0.03	nan	0	0	0	0	59424
GRCg7b | M301291.lib1	36146	0	0	0	0	0	0	0	73	0	0.2	nan	36146	0	18073	0	18073	0	56	0	0.15	nan	64	0	9	0	0.02	nan	0	0	0	0	36146
GRCg7b | M301292.lib1	16333208	0	0	0	0	0	0	0	2768	0	0.02	nan	16333208	0	8166604	0	8166604	0	1132	0	0.01	nan	1200	0	1568	0	0.01	nan	0	0	0	0	16333208
GRCg7b | M301293.lib1	3942	0	0	0	0	0	0	0	5	0	0.13	nan	3942	0	1971	0	1971	0	4	0	0.1	nan	4	0	1	0	0.03	nan	0	0	0	0	3942
GRCg7b | M301294.lib1	24220	0	0	0	0	0	0	0	10	0	0.04	nan	24220	0	12110	0	12110	0	8	0	0.03	nan	8	0	2	0	0.01	nan	0	0	0	0	24220
GRCg7b | M301295.lib1	4422412	0	0	0	0	0	0	0	494	0	0.01	nan	4422412	0	2211206	0	2211206	0	244	0	0.01	nan	244	0	250	0	0.01	nan	0	0	0	0	4422412
GRCg7b | M301296.lib1	24906332	0	0	0	0	0	0	0	5965	0	0.02	nan	24906332	0	12453166	0	12453166	0	5240	0	0.02	nan	5538	0	427	0	0.0	nan	2	0	1	0	24906332
GRCg7b | M301297.lib1	5742682	0	0	0	0	0	0	0	634	0	0.01	nan	5742682	0	2871341	0	2871341	0	382	0	0.01	nan	394	0	240	0	0.0	nan	0	0	0	0	5742682
GRCg7b | M301298.lib1	10307672	0	0	0	0	0	0	0	505	0	0.0	nan	10307672	0	5153836	0	5153836	0	182	0	0.0	nan	190	0	315	0	0.0	nan	0	0	0	0	10307672
GRCg7b | M301299.lib1	81694	0	0	0	0	0	0	0	534	0	0.65	nan	81694	0	40847	0	40847	0	520	0	0.64	nan	532	0	2	0	0.0	nan	0	0	0	0	81694
GRCg7b | M301300.lib1	38026	0	0	0	0	0	0	0	2568	0	6.75	nan	38026	0	19013	0	19013	0	1970	0	5.18	nan	2202	0	366	0	0.96	nan	8	0	0	0	38026
GRCg7b | M301301.lib1	6898312	0	0	0	0	0	0	0	547	0	0.01	nan	6898312	0	3449156	0	3449156	0	302	0	0.0	nan	302	0	245	0	0.0	nan	0	0	0	0	6898312
GRCg7b | M301302.lib1	16610920	0	0	0	0	0	0	0	4377	0	0.03	nan	16610920	0	8305460	0	8305460	0	3312	0	0.02	nan	3502	0	875	0	0.01	nan	0	0	0	0	16610920
GRCg7b | M301303.lib1	8026162	0	0	0	0	0	0	0	17485	0	0.22	nan	8026162	0	4013081	0	4013081	0	14712	0	0.18	nan	16246	0	1239	0	0.02	nan	16	0	7	0	8026162
GRCg7b | M301304.lib1	927076	0	0	0	0	0	0	0	84	0	0.01	nan	927076	0	463538	0	463538	0	54	0	0.01	nan	54	0	30	0	0.0	nan	0	0	0	0	927076
GRCg7b | M301305.lib1	24026396	0	0	0	0	0	0	0	7758	0	0.03	nan	24026396	0	12013198	0	12013198	0	6806	0	0.03	nan	7058	0	700	0	0.0	nan	4	0	1	0	24026396
GRCg7b | M301306.lib1	2180746	0	0	0	0	0	0	0	983	0	0.05	nan	2180746	0	1090373	0	1090373	0	866	0	0.04	nan	878	0	105	0	0.0	nan	2	0	2	0	2180746
GRCg7b | M301307.lib1	37134	0	0	0	0	0	0	0	32	0	0.09	nan	37134	0	18567	0	18567	0	22	0	0.06	nan	24	0	8	0	0.02	nan	0	0	0	0	37134
GRCg7b | M301308.lib1	232730	0	0	0	0	0	0	0	76	0	0.03	nan	232730	0	116365	0	116365	0	60	0	0.03	nan	60	0	16	0	0.01	nan	0	0	0	0	232730
GRCg7b | M301309.lib1	52884	0	0	0	0	0	0	0	14	0	0.03	nan	52884	0	26442	0	26442	0	10	0	0.02	nan	10	0	4	0	0.01	nan	0	0	0	0	52884
GRCg7b | M301310.lib1	15831950	0	0	0	0	0	0	0	687	0	0.0	nan	15831950	0	7915975	0	7915975	0	114	0	0.0	nan	116	0	571	0	0.0	nan	2	0	0	0	15831950
GRCg7b | M301311.lib1	18535256	0	0	0	0	0	0	0	123417	0	0.67	nan	18535256	0	9267628	0	9267628	0	109580	0	0.59	nan	120964	0	2453	0	0.01	nan	234	0	97	0	18535256
GRCg7b | M301312.lib1	25872530	0	0	0	0	0	0	0	824	0	0.0	nan	25872530	0	12936265	0	12936265	0	160	0	0.0	nan	162	0	662	0	0.0	nan	2	0	0	0	25872530
GRCg7b | M301313.lib1	33822062	0	0	0	0	0	0	0	1516	0	0.0	nan	33822062	0	16911031	0	16911031	0	674	0	0.0	nan	678	0	838	0	0.0	nan	0	0	0	0	33822062
GRCg7b | M301314.lib1	51361104	0	0	0	0	0	0	0	2320	0	0.0	nan	51361104	0	25680552	0	25680552	0	456	0	0.0	nan	474	0	1846	0	0.0	nan	0	0	0	0	51361104
GRCg7b | M301315.lib1	42461038	0	0	0	0	0	0	0	2385	0	0.01	nan	42461038	0	21230519	0	21230519	0	1036	0	0.0	nan	1058	0	1327	0	0.0	nan	0	0	0	0	42461038
GRCg7b | M301316.lib1	46012908	0	0	0	0	0	0	0	36948	0	0.08	nan	46012908	0	23006454	0	23006454	0	33978	0	0.07	nan	35172	0	1776	0	0.0	nan	8	0	1	0	46012908
GRCg7b | M301317.lib1	35627670	0	0	0	0	0	0	0	2115	0	0.01	nan	35627670	0	17813835	0	17813835	0	156	0	0.0	nan	156	0	1959	0	0.01	nan	0	0	0	0	35627670
GRCg7b | M301318.lib1	19739418	0	0	0	0	0	0	0	1835	0	0.01	nan	19739418	0	9869709	0	9869709	0	198	0	0.0	nan	226	0	1609	0	0.01	nan	0	0	0	0	19739418
GRCg7b | M301319.lib1	29248	0	0	0	0	0	0	0	2	0	0.01	nan	29248	0	14624	0	14624	0	0	0	0.0	nan	0	0	2	0	0.01	nan	0	0	0	0	29248
GRCg7b | M301320.lib1	7768	0	0	0	0	0	0	0	1	0	0.01	nan	7768	0	3884	0	3884	0	0	0	0.0	nan	0	0	1	0	0.01	nan	0	0	0	0	7768
GRCg7b | M301321.lib1	38150	0	0	0	0	0	0	0	16	0	0.04	nan	38150	0	19075	0	19075	0	2	0	0.01	nan	2	0	14	0	0.04	nan	0	0	0	0	38150
GRCg7b | M301322.lib1	14552038	0	0	0	0	0	0	0	58703	0	0.4	nan	14552038	0	7276019	0	7276019	0	56272	0	0.39	nan	57894	0	809	0	0.01	nan	48	0	22	0	14552038
GRCg7b | M301323.lib1	36186814	0	0	0	0	0	0	0	4998	0	0.01	nan	36186814	0	18093407	0	18093407	0	3730	0	0.01	nan	3842	0	1156	0	0.0	nan	2	0	0	0	36186814
GRCg7b | M301324.lib1	38858698	0	0	0	0	0	0	0	143404	0	0.37	nan	38858698	0	19429349	0	19429349	0	132658	0	0.34	nan	140874	0	2530	0	0.01	nan	128	0	48	0	38858698
GRCg7b | M301325.lib1	8356258	0	0	0	0	0	0	0	556	0	0.01	nan	8356258	0	4178129	0	4178129	0	78	0	0.0	nan	78	0	478	0	0.01	nan	0	0	0	0	8356258
GRCg7b | M301326.lib1	19512782	0	0	0	0	0	0	0	2477	0	0.01	nan	19512782	0	9756391	0	9756391	0	162	0	0.0	nan	200	0	2277	0	0.01	nan	0	0	0	0	19512782
GRCg7b | M301327.lib1	1677530	0	0	0	0	0	0	0	2966	0	0.18	nan	1677530	0	838765	0	838765	0	2488	0	0.15	nan	2850	0	116	0	0.01	nan	10	0	0	0	1677530
GRCg7b | M301328.lib1	90620	0	0	0	0	0	0	0	7	0	0.01	nan	90620	0	45310	0	45310	0	2	0	0.0	nan	4	0	3	0	0.0	nan	0	0	0	0	90620
GRCg7b | M301329.lib1	39588880	0	0	0	0	0	0	0	3465	0	0.01	nan	39588880	0	19794440	0	19794440	0	2108	0	0.01	nan	2166	0	1299	0	0.0	nan	0	0	0	0	39588880
GRCg7b | M301330.lib1	1727508	0	0	0	0	0	0	0	1603377	0	92.81	nan	1727508	0	863754	0	863754	0	1486942	0	86.07	nan	1585806	0	17571	0	1.02	nan	2166	0	707	0	1727508
GRCg7b | M301331.lib1	44112	0	0	0	0	0	0	0	3834	0	8.69	nan	44112	0	22056	0	22056	0	2892	0	6.56	nan	2970	0	864	0	1.96	nan	2	0	1	0	44112
GRCg7b | M301332.lib1	2895590	0	0	0	0	0	0	0	2749589	0	94.96	nan	2895590	0	1447795	0	1447795	0	1988640	0	68.68	nan	2705534	0	44055	0	1.52	nan	13552	0	5595	0	2895590
GRCg7b | M301333.lib1	63654	0	0	0	0	0	0	0	26628	0	41.83	nan	63654	0	31827	0	31827	0	25054	0	39.36	nan	26496	0	132	0	0.21	nan	28	0	10	0	63654
GRCg7b | M301334.lib1	199650	0	0	0	0	0	0	0	115683	0	57.94	nan	199650	0	99825	0	99825	0	111666	0	55.93	nan	114662	0	1021	0	0.51	nan	64	0	21	0	199650
GRCg7b | M301335.lib1	1345808	0	0	0	0	0	0	0	1285430	0	95.51	nan	1345808	0	672904	0	672904	0	1202378	0	89.34	nan	1276102	0	9328	0	0.69	nan	1380	0	481	0	1345808
GRCg7b | M301336.lib1	2562998	0	0	0	0	0	0	0	2427070	0	94.7	nan	2562998	0	1281499	0	1281499	0	2173646	0	84.81	nan	2403060	0	24010	0	0.94	nan	4436	0	1446	0	2562998
GRCg7b | M301337.lib1	6637266	0	0	0	0	0	0	0	6167674	0	92.92	nan	6637266	0	3318633	0	3318633	0	5795938	0	87.32	nan	6119026	0	48648	0	0.73	nan	6908	0	2124	0	6637266
GRCg7b | M301338.lib1	105818	0	0	0	0	0	0	0	86213	0	81.47	nan	105818	0	52909	0	52909	0	82972	0	78.41	nan	85456	0	757	0	0.72	nan	78	0	28	0	105818
GRCg7b | M301339.lib1	80008	0	0	0	0	0	0	0	50235	0	62.79	nan	80008	0	40004	0	40004	0	48802	0	61.0	nan	49866	0	369	0	0.46	nan	44	0	14	0	80008
GRCg7b | M301340.lib1	29930	0	0	0	0	0	0	0	1771	0	5.92	nan	29930	0	14965	0	14965	0	1642	0	5.49	nan	1746	0	25	0	0.08	nan	2	0	0	0	29930
GRCg7b | M301341.lib1	35622	0	0	0	0	0	0	0	3238	0	9.09	nan	35622	0	17811	0	17811	0	1756	0	4.93	nan	1772	0	1466	0	4.12	nan	0	0	0	0	35622
GRCg7b | M301342.lib1	1629960	0	0	0	0	0	0	0	1521280	0	93.33	nan	1629960	0	814980	0	814980	0	1390710	0	85.32	nan	1508850	0	12430	0	0.76	nan	2318	0	815	0	1629960
GRCg7b | M301343.lib1	14700	0	0	0	0	0	0	0	741	0	5.04	nan	14700	0	7350	0	7350	0	712	0	4.84	nan	736	0	5	0	0.03	nan	0	0	0	0	14700
GRCg7b | M301344.lib1	328222	0	0	0	0	0	0	0	281503	0	85.77	nan	328222	0	164111	0	164111	0	265532	0	80.9	nan	278990	0	2513	0	0.77	nan	320	0	94	0	328222
GRCg7b | M301345.lib1	8801502	0	0	0	0	0	0	0	8492047	0	96.48	nan	8801502	0	4400751	0	4400751	0	8136762	0	92.45	nan	8438402	0	53645	0	0.61	nan	9038	0	3731	0	8801502
GRCg7b | M301346.lib1	226540	0	0	0	0	0	0	0	127735	0	56.39	nan	226540	0	113270	0	113270	0	114352	0	50.48	nan	126216	0	1519	0	0.67	nan	126	0	37	0	226540
GRCg7b | M301347.lib1	6949566	0	0	0	0	0	0	0	6695786	0	96.35	nan	6949566	0	3474783	0	3474783	0	6266526	0	90.17	nan	6649220	0	46566	0	0.67	nan	7274	0	2405	0	6949566
GRCg7b | M301348.lib1	789022	0	0	0	0	0	0	0	631363	0	80.02	nan	789022	0	394511	0	394511	0	594796	0	75.38	nan	625876	0	5487	0	0.7	nan	768	0	254	0	789022
GRCg7b | M301349.lib1	58800	0	0	0	0	0	0	0	1424	0	2.42	nan	58800	0	29400	0	29400	0	1364	0	2.32	nan	1410	0	14	0	0.02	nan	0	0	0	0	58800
GRCg7b | M301350.lib1	132106	0	0	0	0	0	0	0	2885	0	2.18	nan	132106	0	66053	0	66053	0	2750	0	2.08	nan	2862	0	23	0	0.02	nan	16	0	11	0	132106
GRCg7b | M301351.lib1	16938810	0	0	0	0	0	0	0	16324228	0	96.37	nan	16938810	0	8469405	0	8469405	0	15534566	0	91.71	nan	16207504	0	116724	0	0.69	nan	18404	0	6233	0	16938810
GRCg7b | M301352.lib1	4674012	0	0	0	0	0	0	0	4316012	0	92.34	nan	4674012	0	2337006	0	2337006	0	4046520	0	86.57	nan	4281390	0	34622	0	0.74	nan	4998	0	1695	0	4674012
GRCg7b | M301353.lib1	482050	0	0	0	0	0	0	0	387014	0	80.29	nan	482050	0	241025	0	241025	0	352818	0	73.19	nan	384262	0	2752	0	0.57	nan	428	0	154	0	482050
GRCg7b | M301354.lib1	60196652	0	0	0	0	0	0	0	58556977	0	97.28	nan	60196652	0	30098326	0	30098326	0	53110308	0	88.23	nan	58132946	0	424031	0	0.7	nan	84532	0	30434	0	60196652
GRCg7b | M301355.lib1	16796	0	0	0	0	0	0	0	2	0	0.01	nan	16796	0	8398	0	8398	0	0	0	0.0	nan	0	0	2	0	0.01	nan	0	0	0	0	16796
GRCg7b | M301356.lib1	1127700	0	0	0	0	0	0	0	948780	0	84.13	nan	1127700	0	563850	0	563850	0	894464	0	79.32	nan	940688	0	8092	0	0.72	nan	944	0	332	0	1127700
GRCg7b | M301357.lib1	1344080	0	0	0	0	0	0	0	1227153	0	91.3	nan	1344080	0	672040	0	672040	0	1166172	0	86.76	nan	1218468	0	8685	0	0.65	nan	1152	0	405	0	1344080
GRCg7b | M301358.lib1	14179246	0	0	0	0	0	0	0	13483557	0	95.09	nan	14179246	0	7089623	0	7089623	0	12746292	0	89.89	nan	13380320	0	103237	0	0.73	nan	17598	0	5648	0	14179246
GRCg7b | M301359.lib1	13844150	0	0	0	0	0	0	0	13328882	0	96.28	nan	13844150	0	6922075	0	6922075	0	12362226	0	89.3	nan	13235060	0	93822	0	0.68	nan	16100	0	5250	0	13844150
GRCg7b | M301360.lib1	22351058	0	0	0	0	0	0	0	21646702	0	96.85	nan	22351058	0	11175529	0	11175529	0	20531942	0	91.86	nan	21518792	0	127910	0	0.57	nan	18654	0	6283	0	22351058
GRCg7b | M301361.lib1	2233424	0	0	0	0	0	0	0	2014384	0	90.19	nan	2233424	0	1116712	0	1116712	0	1903870	0	85.24	nan	1999766	0	14618	0	0.65	nan	2048	0	646	0	2233424
GRCg7b | M301362.lib1	24132	0	0	0	0	0	0	0	108	0	0.45	nan	24132	0	12066	0	12066	0	80	0	0.33	nan	80	0	28	0	0.12	nan	0	0	0	0	24132
GRCg7b | M301363.lib1	41664	0	0	0	0	0	0	0	7887	0	18.93	nan	41664	0	20832	0	20832	0	7478	0	17.95	nan	7652	0	235	0	0.56	nan	16	0	3	0	41664
GRCg7b | M301364.lib1	7958638	0	0	0	0	0	0	0	8292	0	0.1	nan	7958638	0	3979319	0	3979319	0	7870	0	0.1	nan	8014	0	278	0	0.0	nan	0	0	0	0	7958638
GRCg7b | M301365.lib1	3247140	0	0	0	0	0	0	0	3128327	0	96.34	nan	3247140	0	1623570	0	1623570	0	2938004	0	90.48	nan	3109508	0	18819	0	0.58	nan	3412	0	1296	0	3247140
GRCg7b | M301366.lib1	33572	0	0	0	0	0	0	0	5311	0	15.82	nan	33572	0	16786	0	16786	0	4868	0	14.5	nan	5256	0	55	0	0.16	nan	2	0	0	0	33572
GRCg7b | M301367.lib1	272726	0	0	0	0	0	0	0	245462	0	90.0	nan	272726	0	136363	0	136363	0	221728	0	81.3	nan	243484	0	1978	0	0.73	nan	424	0	121	0	272726
GRCg7b | M301368.lib1	1577736	0	0	0	0	0	0	0	1455053	0	92.22	nan	1577736	0	788868	0	788868	0	1353312	0	85.78	nan	1446136	0	8917	0	0.57	nan	1692	0	653	0	1577736
GRCg7b | M301369.lib1	37408	0	0	0	0	0	0	0	48	0	0.13	nan	37408	0	18704	0	18704	0	46	0	0.12	nan	46	0	2	0	0.01	nan	0	0	0	0	37408
GRCg7b | M301370.lib1	2875450	0	0	0	0	0	0	0	2645068	0	91.99	nan	2875450	0	1437725	0	1437725	0	2457460	0	85.46	nan	2625940	0	19128	0	0.67	nan	2454	0	964	0	2875450
GRCg7b | M301371.lib1	185702	0	0	0	0	0	0	0	74800	0	40.28	nan	185702	0	92851	0	92851	0	68906	0	37.11	nan	72864	0	1936	0	1.04	nan	248	0	52	0	185702
GRCg7b | M301372.lib1	97934	0	0	0	0	0	0	0	15504	0	15.83	nan	97934	0	48967	0	48967	0	15136	0	15.46	nan	15394	0	110	0	0.11	nan	4	0	3	0	97934
GRCg7b | M301373.lib1	1013484	0	0	0	0	0	0	0	912984	0	90.08	nan	1013484	0	506742	0	506742	0	821962	0	81.1	nan	907352	0	5632	0	0.56	nan	1170	0	466	0	1013484
GRCg7b | M301374.lib1	16848900	0	0	0	0	0	0	0	16308517	0	96.79	nan	16848900	0	8424450	0	8424450	0	15246982	0	90.49	nan	16207980	0	100537	0	0.6	nan	17694	0	5697	0	16848900
GRCg7b | M301375.lib1	4169418	0	0	0	0	0	0	0	3722209	0	89.27	nan	4169418	0	2084709	0	2084709	0	3480054	0	83.47	nan	3696886	0	25323	0	0.61	nan	3620	0	1383	0	4169418
GRCg7b | M301376.lib1	100370	0	0	0	0	0	0	0	3088	0	3.08	nan	100370	0	50185	0	50185	0	2984	0	2.97	nan	3050	0	38	0	0.04	nan	4	0	2	0	100370
GRCg7b | M301377.lib1	61079130	0	0	0	0	0	0	0	59500329	0	97.42	nan	61079130	0	30539565	0	30539565	0	55756130	0	91.29	nan	59128208	0	372121	0	0.61	nan	86956	0	42925	0	61079130
GRCh38 | M301186.lib1	18072	0	0	0	0	0	0	0	2905	0	16.07	nan	18072	0	9036	0	9036	0	2854	0	15.79	nan	2900	0	5	0	0.03	nan	6	0	1	0	18072
GRCh38 | M301187.lib1	2909606	0	0	0	0	0	0	0	762	0	0.03	nan	2909606	0	1454803	0	1454803	0	728	0	0.03	nan	742	0	20	0	0.0	nan	0	0	0	0	2909606
GRCh38 | M301188.lib1	9977952	0	0	0	0	0	0	0	2275	0	0.02	nan	9977952	0	4988976	0	4988976	0	2154	0	0.02	nan	2228	0	47	0	0.0	nan	12	0	5	0	9977952
GRCh38 | M301189.lib1	923966	0	0	0	0	0	0	0	2152	0	0.23	nan	923966	0	461983	0	461983	0	2054	0	0.22	nan	2124	0	28	0	0.0	nan	4	0	3	0	923966
GRCh38 | M301190.lib1	137144	0	0	0	0	0	0	0	4172	0	3.04	nan	137144	0	68572	0	68572	0	3916	0	2.86	nan	4004	0	168	0	0.12	nan	18	0	11	0	137144
GRCh38 | M301191.lib1	10835558	0	0	0	0	0	0	0	4174	0	0.04	nan	10835558	0	5417779	0	5417779	0	3988	0	0.04	nan	4104	0	70	0	0.0	nan	22	0	8	0	10835558
GRCh38 | M301192.lib1	23081856	0	0	0	0	0	0	0	3741	0	0.02	nan	23081856	0	11540928	0	11540928	0	3382	0	0.01	nan	3548	0	193	0	0.0	nan	20	0	8	0	23081856
GRCh38 | M301193.lib1	44005262	0	0	0	0	0	0	0	7662	0	0.02	nan	44005262	0	22002631	0	22002631	0	7166	0	0.02	nan	7492	0	170	0	0.0	nan	10	0	3	0	44005262
GRCh38 | M301194.lib1	7513574	0	0	0	0	0	0	0	10966	0	0.15	nan	7513574	0	3756787	0	3756787	0	10628	0	0.14	nan	10810	0	156	0	0.0	nan	16	0	3	0	7513574
GRCh38 | M301195.lib1	16015774	0	0	0	0	0	0	0	4460	0	0.03	nan	16015774	0	8007887	0	8007887	0	4212	0	0.03	nan	4348	0	112	0	0.0	nan	0	0	0	0	16015774
GRCh38 | M301196.lib1	21546	0	0	0	0	0	0	0	3880	0	18.01	nan	21546	0	10773	0	10773	0	3676	0	17.06	nan	3834	0	46	0	0.21	nan	16	0	5	0	21546
GRCh38 | M301197.lib1	9650	0	0	0	0	0	0	0	2339	0	24.24	nan	9650	0	4825	0	4825	0	2214	0	22.94	nan	2336	0	3	0	0.03	nan	4	0	0	0	9650
GRCh38 | M301198.lib1	16481386	0	0	0	0	0	0	0	5159	0	0.03	nan	16481386	0	8240693	0	8240693	0	4840	0	0.03	nan	4980	0	179	0	0.0	nan	22	0	12	0	16481386
GRCh38 | M301199.lib1	12609236	0	0	0	0	0	0	0	67541	0	0.54	nan	12609236	0	6304618	0	6304618	0	65012	0	0.52	nan	66632	0	909	0	0.01	nan	148	0	41	0	12609236
GRCh38 | M301200.lib1	13830720	0	0	0	0	0	0	0	3686	0	0.03	nan	13830720	0	6915360	0	6915360	0	3450	0	0.02	nan	3580	0	106	0	0.0	nan	6	0	4	0	13830720
GRCh38 | M301201.lib1	8436574	0	0	0	0	0	0	0	4698	0	0.06	nan	8436574	0	4218287	0	4218287	0	4456	0	0.05	nan	4628	0	70	0	0.0	nan	14	0	8	0	8436574
GRCh38 | M301202.lib1	16511564	0	0	0	0	0	0	0	4974	0	0.03	nan	16511564	0	8255782	0	8255782	0	4688	0	0.03	nan	4832	0	142	0	0.0	nan	12	0	1	0	16511564
GRCh38 | M301203.lib1	18252802	0	0	0	0	0	0	0	11848	0	0.06	nan	18252802	0	9126401	0	9126401	0	11316	0	0.06	nan	11656	0	192	0	0.0	nan	38	0	22	0	18252802
GRCh38 | M301204.lib1	1340246	0	0	0	0	0	0	0	432	0	0.03	nan	1340246	0	670123	0	670123	0	386	0	0.03	nan	412	0	20	0	0.0	nan	0	0	0	0	1340246
GRCh38 | M301205.lib1	453530	0	0	0	0	0	0	0	2723	0	0.6	nan	453530	0	226765	0	226765	0	2594	0	0.57	nan	2702	0	21	0	0.0	nan	10	0	4	0	453530
GRCh38 | M301206.lib1	2790384	0	0	0	0	0	0	0	3198	0	0.11	nan	2790384	0	1395192	0	1395192	0	3084	0	0.11	nan	3166	0	32	0	0.0	nan	4	0	2	0	2790384
GRCh38 | M301207.lib1	5608	0	0	0	0	0	0	0	1295	0	23.09	nan	5608	0	2804	0	2804	0	1262	0	22.5	nan	1288	0	7	0	0.12	nan	4	0	2	0	5608
GRCh38 | M301208.lib1	7415316	0	0	0	0	0	0	0	4681	0	0.06	nan	7415316	0	3707658	0	3707658	0	4418	0	0.06	nan	4568	0	113	0	0.0	nan	14	0	11	0	7415316
GRCh38 | M301209.lib1	492762	0	0	0	0	0	0	0	11745	0	2.38	nan	492762	0	246381	0	246381	0	10730	0	2.18	nan	11236	0	509	0	0.1	nan	56	0	8	0	492762
GRCh38 | M301210.lib1	17134670	0	0	0	0	0	0	0	10844	0	0.06	nan	17134670	0	8567335	0	8567335	0	10396	0	0.06	nan	10634	0	210	0	0.0	nan	38	0	9	0	17134670
GRCh38 | M301211.lib1	33837436	0	0	0	0	0	0	0	7949	0	0.02	nan	33837436	0	16918718	0	16918718	0	7518	0	0.02	nan	7778	0	171	0	0.0	nan	8	0	2	0	33837436
GRCh38 | M301212.lib1	62239988	0	0	0	0	0	0	0	7440	0	0.01	nan	62239988	0	31119994	0	31119994	0	6882	0	0.01	nan	7102	0	338	0	0.0	nan	22	0	9	0	62239988
GRCh38 | M301213.lib1	126984	0	0	0	0	0	0	0	5778	0	4.55	nan	126984	0	63492	0	63492	0	5614	0	4.42	nan	5748	0	30	0	0.02	nan	6	0	2	0	126984
GRCh38 | M301214.lib1	5840818	0	0	0	0	0	0	0	3499	0	0.06	nan	5840818	0	2920409	0	2920409	0	3304	0	0.06	nan	3418	0	81	0	0.0	nan	8	0	7	0	5840818
GRCh38 | M301215.lib1	352180	0	0	0	0	0	0	0	1976	0	0.56	nan	352180	0	176090	0	176090	0	1904	0	0.54	nan	1966	0	10	0	0.0	nan	4	0	2	0	352180
GRCh38 | M301216.lib1	35241972	0	0	0	0	0	0	0	4713	0	0.01	nan	35241972	0	17620986	0	17620986	0	4278	0	0.01	nan	4472	0	241	0	0.0	nan	6	0	1	0	35241972
GRCh38 | M301217.lib1	36696	0	0	0	0	0	0	0	6230	0	16.98	nan	36696	0	18348	0	18348	0	5862	0	15.97	nan	6186	0	44	0	0.12	nan	20	0	11	0	36696
GRCh38 | M301218.lib1	55862	0	0	0	0	0	0	0	5358	0	9.59	nan	55862	0	27931	0	27931	0	5120	0	9.17	nan	5306	0	52	0	0.09	nan	4	0	0	0	55862
GRCh38 | M301219.lib1	24316784	0	0	0	0	0	0	0	7079	0	0.03	nan	24316784	0	12158392	0	12158392	0	6692	0	0.03	nan	6878	0	201	0	0.0	nan	10	0	4	0	24316784
GRCh38 | M301220.lib1	67254	0	0	0	0	0	0	0	224	0	0.33	nan	67254	0	33627	0	33627	0	158	0	0.23	nan	216	0	8	0	0.01	nan	10	0	5	0	67254
GRCh38 | M301221.lib1	62922	0	0	0	0	0	0	0	5227	0	8.31	nan	62922	0	31461	0	31461	0	4838	0	7.69	nan	5206	0	21	0	0.03	nan	18	0	11	0	62922
GRCh38 | M301222.lib1	2804914	0	0	0	0	0	0	0	1571	0	0.06	nan	2804914	0	1402457	0	1402457	0	1436	0	0.05	nan	1528	0	43	0	0.0	nan	6	0	1	0	2804914
GRCh38 | M301223.lib1	30573108	0	0	0	0	0	0	0	7440	0	0.02	nan	30573108	0	15286554	0	15286554	0	6732	0	0.02	nan	7144	0	296	0	0.0	nan	52	0	17	0	30573108
GRCh38 | M301224.lib1	11739972	0	0	0	0	0	0	0	5243	0	0.04	nan	11739972	0	5869986	0	5869986	0	4822	0	0.04	nan	5016	0	227	0	0.0	nan	22	0	5	0	11739972
GRCh38 | M301225.lib1	5935714	0	0	0	0	0	0	0	4771	0	0.08	nan	5935714	0	2967857	0	2967857	0	4468	0	0.08	nan	4718	0	53	0	0.0	nan	8	0	4	0	5935714
GRCh38 | M301226.lib1	1292636	0	0	0	0	0	0	0	85	0	0.01	nan	1292636	0	646318	0	646318	0	48	0	0.0	nan	52	0	33	0	0.0	nan	2	0	1	0	1292636
GRCh38 | M301227.lib1	493060	0	0	0	0	0	0	0	34	0	0.01	nan	493060	0	246530	0	246530	0	30	0	0.01	nan	30	0	4	0	0.0	nan	0	0	0	0	493060
GRCh38 | M301228.lib1	3346	0	0	0	0	0	0	0	415	0	12.4	nan	3346	0	1673	0	1673	0	402	0	12.01	nan	408	0	7	0	0.21	nan	0	0	0	0	3346
GRCh38 | M301229.lib1	16234562	0	0	0	0	0	0	0	13191	0	0.08	nan	16234562	0	8117281	0	8117281	0	10138	0	0.06	nan	10462	0	2729	0	0.02	nan	76	0	9	0	16234562
GRCh38 | M301230.lib1	80866	0	0	0	0	0	0	0	74	0	0.09	nan	80866	0	40433	0	40433	0	72	0	0.09	nan	72	0	2	0	0.0	nan	0	0	0	0	80866
GRCh38 | M301231.lib1	55610	0	0	0	0	0	0	0	13	0	0.02	nan	55610	0	27805	0	27805	0	10	0	0.02	nan	10	0	3	0	0.01	nan	0	0	0	0	55610
GRCh38 | M301232.lib1	346	0	0	0	0	0	0	0	2	0	0.58	nan	346	0	173	0	173	0	2	0	0.58	nan	2	0	0	0	0.0	nan	0	0	0	0	346
GRCh38 | M301233.lib1	33727764	0	0	0	0	0	0	0	9749	0	0.03	nan	33727764	0	16863882	0	16863882	0	9038	0	0.03	nan	9432	0	317	0	0.0	nan	62	0	11	0	33727764
GRCh38 | M301234.lib1	211446	0	0	0	0	0	0	0	2572	0	1.22	nan	211446	0	105723	0	105723	0	2304	0	1.09	nan	2372	0	200	0	0.09	nan	6	0	0	0	211446
GRCh38 | M301235.lib1	3750968	0	0	0	0	0	0	0	20292	0	0.54	nan	3750968	0	1875484	0	1875484	0	17026	0	0.45	nan	17372	0	2920	0	0.08	nan	82	0	5	0	3750968
GRCh38 | M301236.lib1	909906	0	0	0	0	0	0	0	5652	0	0.62	nan	909906	0	454953	0	454953	0	4722	0	0.52	nan	4832	0	820	0	0.09	nan	16	0	2	0	909906
GRCh38 | M301237.lib1	1012160	0	0	0	0	0	0	0	4927	0	0.49	nan	1012160	0	506080	0	506080	0	3750	0	0.37	nan	3864	0	1063	0	0.11	nan	30	0	3	0	1012160
GRCh38 | M301238.lib1	482118	0	0	0	0	0	0	0	4127	0	0.86	nan	482118	0	241059	0	241059	0	3560	0	0.74	nan	3648	0	479	0	0.1	nan	22	0	5	0	482118
GRCh38 | M301239.lib1	108628	0	0	0	0	0	0	0	23075	0	21.24	nan	108628	0	54314	0	54314	0	21870	0	20.13	nan	22766	0	309	0	0.28	nan	68	0	27	0	108628
GRCh38 | M301240.lib1	2476810	0	0	0	0	0	0	0	10393	0	0.42	nan	2476810	0	1238405	0	1238405	0	9254	0	0.37	nan	9462	0	931	0	0.04	nan	42	0	1	0	2476810
GRCh38 | M301241.lib1	29202	0	0	0	0	0	0	0	4887	0	16.74	nan	29202	0	14601	0	14601	0	4630	0	15.86	nan	4850	0	37	0	0.13	nan	6	0	1	0	29202
GRCh38 | M301242.lib1	9729228	0	0	0	0	0	0	0	66416	0	0.68	nan	9729228	0	4864614	0	4864614	0	53058	0	0.55	nan	55476	0	10940	0	0.11	nan	824	0	418	0	9729228
GRCh38 | M301243.lib1	1004374	0	0	0	0	0	0	0	15499	0	1.54	nan	1004374	0	502187	0	502187	0	14370	0	1.43	nan	14688	0	811	0	0.08	nan	50	0	11	0	1004374
GRCh38 | M301244.lib1	869510	0	0	0	0	0	0	0	11804	0	1.36	nan	869510	0	434755	0	434755	0	10866	0	1.25	nan	11364	0	440	0	0.05	nan	38	0	11	0	869510
GRCh38 | M301245.lib1	536256	0	0	0	0	0	0	0	103457	0	19.29	nan	536256	0	268128	0	268128	0	101282	0	18.89	nan	102750	0	707	0	0.13	nan	148	0	42	0	536256
GRCh38 | M301246.lib1	55198	0	0	0	0	0	0	0	7068	0	12.8	nan	55198	0	27599	0	27599	0	6792	0	12.3	nan	7024	0	44	0	0.08	nan	24	0	4	0	55198
GRCh38 | M301247.lib1	1089430	0	0	0	0	0	0	0	13092	0	1.2	nan	1089430	0	544715	0	544715	0	12004	0	1.1	nan	12394	0	698	0	0.06	nan	46	0	12	0	1089430
GRCh38 | M301248.lib1	2215104	0	0	0	0	0	0	0	18408	0	0.83	nan	2215104	0	1107552	0	1107552	0	16108	0	0.73	nan	16634	0	1774	0	0.08	nan	54	0	6	0	2215104
GRCh38 | M301249.lib1	244096	0	0	0	0	0	0	0	16232	0	6.65	nan	244096	0	122048	0	122048	0	15542	0	6.37	nan	16102	0	130	0	0.05	nan	22	0	8	0	244096
GRCh38 | M301250.lib1	1442822	0	0	0	0	0	0	0	28392	0	1.97	nan	1442822	0	721411	0	721411	0	27322	0	1.89	nan	27512	0	880	0	0.06	nan	42	0	7	0	1442822
GRCh38 | M301251.lib1	6488384	0	0	0	0	0	0	0	475334	0	7.33	nan	6488384	0	3244192	0	3244192	0	440152	0	6.78	nan	467830	0	7504	0	0.12	nan	2046	0	579	0	6488384
GRCh38 | M301252.lib1	5605068	0	0	0	0	0	0	0	2309542	0	41.2	nan	5605068	0	2802534	0	2802534	0	2079862	0	37.11	nan	2289676	0	19866	0	0.35	nan	15354	0	5489	0	5605068
GRCh38 | M301253.lib1	76826	0	0	0	0	0	0	0	11657	0	15.17	nan	76826	0	38413	0	38413	0	11028	0	14.35	nan	11612	0	45	0	0.06	nan	54	0	12	0	76826
GRCh38 | M301254.lib1	21564	0	0	0	0	0	0	0	2240	0	10.39	nan	21564	0	10782	0	10782	0	2144	0	9.94	nan	2214	0	26	0	0.12	nan	12	0	5	0	21564
GRCh38 | M301255.lib1	2211234	0	0	0	0	0	0	0	185848	0	8.4	nan	2211234	0	1105617	0	1105617	0	176208	0	7.97	nan	181912	0	3936	0	0.18	nan	484	0	125	0	2211234
GRCh38 | M301256.lib1	67247180	0	0	0	0	0	0	0	296978	0	0.44	nan	67247180	0	33623590	0	33623590	0	226786	0	0.34	nan	231244	0	65734	0	0.1	nan	1426	0	78	0	67247180
GRCh38 | M301257.lib1	192266	0	0	0	0	0	0	0	36699	0	19.09	nan	192266	0	96133	0	96133	0	34706	0	18.05	nan	36366	0	333	0	0.17	nan	138	0	37	0	192266
GRCh38 | M301258.lib1	1070698	0	0	0	0	0	0	0	29950	0	2.8	nan	1070698	0	535349	0	535349	0	28212	0	2.63	nan	29026	0	924	0	0.09	nan	122	0	30	0	1070698
GRCh38 | M301259.lib1	3348008	0	0	0	0	0	0	0	1950095	0	58.25	nan	3348008	0	1674004	0	1674004	0	1803712	0	53.87	nan	1931246	0	18849	0	0.56	nan	9638	0	3002	0	3348008
GRCh38 | M301260.lib1	68940	0	0	0	0	0	0	0	10717	0	15.55	nan	68940	0	34470	0	34470	0	10114	0	14.67	nan	10640	0	77	0	0.11	nan	34	0	13	0	68940
GRCh38 | M301261.lib1	40521666	0	0	0	0	0	0	0	330374	0	0.82	nan	40521666	0	20260833	0	20260833	0	295604	0	0.73	nan	298792	0	31582	0	0.08	nan	858	0	75	0	40521666
GRCh38 | M301262.lib1	14143816	0	0	0	0	0	0	0	116575	0	0.82	nan	14143816	0	7071908	0	7071908	0	104242	0	0.74	nan	106486	0	10089	0	0.07	nan	388	0	33	0	14143816
GRCh38 | M301263.lib1	232658	0	0	0	0	0	0	0	13217	0	5.68	nan	232658	0	116329	0	116329	0	12612	0	5.42	nan	13044	0	173	0	0.07	nan	20	0	8	0	232658
GRCh38 | M301264.lib1	241806	0	0	0	0	0	0	0	17794	0	7.36	nan	241806	0	120903	0	120903	0	17224	0	7.12	nan	17582	0	212	0	0.09	nan	18	0	5	0	241806
GRCh38 | M301265.lib1	3767874	0	0	0	0	0	0	0	82332	0	2.19	nan	3767874	0	1883937	0	1883937	0	77362	0	2.05	nan	79044	0	3288	0	0.09	nan	168	0	45	0	3767874
GRCh38 | M301266.lib1	1243480	0	0	0	0	0	0	0	11178	0	0.9	nan	1243480	0	621740	0	621740	0	9872	0	0.79	nan	10090	0	1088	0	0.09	nan	26	0	1	0	1243480
GRCh38 | M301267.lib1	48826	0	0	0	0	0	0	0	4225	0	8.65	nan	48826	0	24413	0	24413	0	4034	0	8.26	nan	4164	0	61	0	0.12	nan	4	0	2	0	48826
GRCh38 | M301268.lib1	1840586	0	0	0	0	0	0	0	17580	0	0.96	nan	1840586	0	920293	0	920293	0	15532	0	0.84	nan	16034	0	1546	0	0.08	nan	52	0	3	0	1840586
GRCh38 | M301269.lib1	28704	0	0	0	0	0	0	0	4744	0	16.53	nan	28704	0	14352	0	14352	0	4468	0	15.57	nan	4718	0	26	0	0.09	nan	22	0	7	0	28704
GRCh38 | M301270.lib1	55934330	0	0	0	0	0	0	0	224851	0	0.4	nan	55934330	0	27967165	0	27967165	0	163584	0	0.29	nan	168068	0	56783	0	0.1	nan	1654	0	60	0	55934330
GRCh38 | M301271.lib1	3044434	0	0	0	0	0	0	0	19969	0	0.66	nan	3044434	0	1522217	0	1522217	0	16956	0	0.56	nan	17428	0	2541	0	0.08	nan	70	0	11	0	3044434
GRCh38 | M301272.lib1	7472	0	0	0	0	0	0	0	1037	0	13.88	nan	7472	0	3736	0	3736	0	962	0	12.87	nan	1026	0	11	0	0.15	nan	32	0	25	0	7472
GRCh38 | M301273.lib1	141572	0	0	0	0	0	0	0	13236	0	9.35	nan	141572	0	70786	0	70786	0	12666	0	8.95	nan	13128	0	108	0	0.08	nan	14	0	10	0	141572
GRCh38 | M301274.lib1	125854	0	0	0	0	0	0	0	22496	0	17.87	nan	125854	0	62927	0	62927	0	21792	0	17.32	nan	22312	0	184	0	0.15	nan	46	0	22	0	125854
GRCh38 | M301275.lib1	8158902	0	0	0	0	0	0	0	58330	0	0.71	nan	8158902	0	4079451	0	4079451	0	50012	0	0.61	nan	51208	0	7122	0	0.09	nan	150	0	36	0	8158902
GRCh38 | M301276.lib1	2847772	0	0	0	0	0	0	0	245621	0	8.63	nan	2847772	0	1423886	0	1423886	0	234208	0	8.22	nan	241210	0	4411	0	0.15	nan	814	0	253	0	2847772
GRCh38 | M301277.lib1	246102	0	0	0	0	0	0	0	13822	0	5.62	nan	246102	0	123051	0	123051	0	12860	0	5.23	nan	13584	0	238	0	0.1	nan	34	0	7	0	246102
GRCh38 | M301278.lib1	2270700	0	0	0	0	0	0	0	22072	0	0.97	nan	2270700	0	1135350	0	1135350	0	19274	0	0.85	nan	19960	0	2112	0	0.09	nan	114	0	14	0	2270700
GRCh38 | M301279.lib1	384298	0	0	0	0	0	0	0	21949	0	5.71	nan	384298	0	192149	0	192149	0	20836	0	5.42	nan	21560	0	389	0	0.1	nan	78	0	18	0	384298
GRCh38 | M301280.lib1	41690960	0	0	0	0	0	0	0	188988	0	0.45	nan	41690960	0	20845480	0	20845480	0	151426	0	0.36	nan	154020	0	34968	0	0.08	nan	938	0	65	0	41690960
GRCh38 | M301281.lib1	43746574	0	0	0	0	0	0	0	173438	0	0.4	nan	43746574	0	21873287	0	21873287	0	123262	0	0.28	nan	126056	0	47382	0	0.11	nan	908	0	20	0	43746574
GRCh38 | M301282.lib1	18541414	0	0	0	0	0	0	0	15675	0	0.08	nan	18541414	0	9270707	0	9270707	0	14948	0	0.08	nan	15450	0	225	0	0.0	nan	54	0	14	0	18541414
GRCh38 | M301283.lib1	14156098	0	0	0	0	0	0	0	9949	0	0.07	nan	14156098	0	7078049	0	7078049	0	9456	0	0.07	nan	9838	0	111	0	0.0	nan	34	0	1	0	14156098
GRCh38 | M301284.lib1	47552	0	0	0	0	0	0	0	5327	0	11.2	nan	47552	0	23776	0	23776	0	4998	0	10.51	nan	5298	0	29	0	0.06	nan	26	0	7	0	47552
GRCh38 | M301285.lib1	7330240	0	0	0	0	0	0	0	3629	0	0.05	nan	7330240	0	3665120	0	3665120	0	3412	0	0.05	nan	3550	0	79	0	0.0	nan	8	0	0	0	7330240
GRCh38 | M301286.lib1	46408	0	0	0	0	0	0	0	4980	0	10.73	nan	46408	0	23204	0	23204	0	4800	0	10.34	nan	4948	0	32	0	0.07	nan	2	0	1	0	46408
GRCh38 | M301287.lib1	13384312	0	0	0	0	0	0	0	3248	0	0.02	nan	13384312	0	6692156	0	6692156	0	2984	0	0.02	nan	3168	0	80	0	0.0	nan	16	0	0	0	13384312
GRCh38 | M301288.lib1	34682	0	0	0	0	0	0	0	5790	0	16.69	nan	34682	0	17341	0	17341	0	5602	0	16.15	nan	5762	0	28	0	0.08	nan	18	0	10	0	34682
GRCh38 | M301289.lib1	12739916	0	0	0	0	0	0	0	2268	0	0.02	nan	12739916	0	6369958	0	6369958	0	1980	0	0.02	nan	2102	0	166	0	0.0	nan	6	0	1	0	12739916
GRCh38 | M301290.lib1	73284	0	0	0	0	0	0	0	13804	0	18.84	nan	73284	0	36642	0	36642	0	13100	0	17.88	nan	13748	0	56	0	0.08	nan	38	0	5	0	73284
GRCh38 | M301291.lib1	43698	0	0	0	0	0	0	0	7482	0	17.12	nan	43698	0	21849	0	21849	0	7078	0	16.2	nan	7412	0	70	0	0.16	nan	44	0	5	0	43698
GRCh38 | M301292.lib1	16338258	0	0	0	0	0	0	0	4879	0	0.03	nan	16338258	0	8169129	0	8169129	0	4538	0	0.03	nan	4708	0	171	0	0.0	nan	6	0	0	0	16338258
GRCh38 | M301293.lib1	4390	0	0	0	0	0	0	0	448	0	10.21	nan	4390	0	2195	0	2195	0	434	0	9.89	nan	448	0	0	0	0.0	nan	0	0	0	0	4390
GRCh38 | M301294.lib1	27328	0	0	0	0	0	0	0	3096	0	11.33	nan	27328	0	13664	0	13664	0	2934	0	10.74	nan	3084	0	12	0	0.04	nan	4	0	1	0	27328
GRCh38 | M301295.lib1	4456454	0	0	0	0	0	0	0	33831	0	0.76	nan	4456454	0	2228227	0	2228227	0	33332	0	0.75	nan	33620	0	211	0	0.0	nan	42	0	14	0	4456454
GRCh38 | M301296.lib1	24911092	0	0	0	0	0	0	0	4689	0	0.02	nan	24911092	0	12455546	0	12455546	0	4454	0	0.02	nan	4618	0	71	0	0.0	nan	8	0	4	0	24911092
GRCh38 | M301297.lib1	5748094	0	0	0	0	0	0	0	5316	0	0.09	nan	5748094	0	2874047	0	2874047	0	5060	0	0.09	nan	5220	0	96	0	0.0	nan	20	0	9	0	5748094
GRCh38 | M301298.lib1	10318504	0	0	0	0	0	0	0	10700	0	0.1	nan	10318504	0	5159252	0	5159252	0	10248	0	0.1	nan	10568	0	132	0	0.0	nan	4	0	0	0	10318504
GRCh38 | M301299.lib1	97456	0	0	0	0	0	0	0	15668	0	16.08	nan	97456	0	48728	0	48728	0	14518	0	14.9	nan	15574	0	94	0	0.1	nan	44	0	16	0	97456
GRCh38 | M301300.lib1	43330	0	0	0	0	0	0	0	5233	0	12.08	nan	43330	0	21665	0	21665	0	4994	0	11.53	nan	5162	0	71	0	0.16	nan	18	0	8	0	43330
GRCh38 | M301301.lib1	6902802	0	0	0	0	0	0	0	4431	0	0.06	nan	6902802	0	3451401	0	3451401	0	4254	0	0.06	nan	4372	0	59	0	0.0	nan	16	0	6	0	6902802
GRCh38 | M301302.lib1	16620262	0	0	0	0	0	0	0	9192	0	0.06	nan	16620262	0	8310131	0	8310131	0	8624	0	0.05	nan	9042	0	150	0	0.0	nan	34	0	11	0	16620262
GRCh38 | M301303.lib1	8029080	0	0	0	0	0	0	0	2795	0	0.03	nan	8029080	0	4014540	0	4014540	0	2500	0	0.03	nan	2672	0	123	0	0.0	nan	16	0	2	0	8029080
GRCh38 | M301304.lib1	934592	0	0	0	0	0	0	0	7470	0	0.8	nan	934592	0	467296	0	467296	0	7054	0	0.75	nan	7424	0	46	0	0.0	nan	6	0	1	0	934592
GRCh38 | M301305.lib1	24040008	0	0	0	0	0	0	0	13415	0	0.06	nan	24040008	0	12020004	0	12020004	0	12492	0	0.05	nan	13218	0	197	0	0.0	nan	48	0	12	0	24040008
GRCh38 | M301306.lib1	2183888	0	0	0	0	0	0	0	3116	0	0.14	nan	2183888	0	1091944	0	1091944	0	3028	0	0.14	nan	3090	0	26	0	0.0	nan	6	0	1	0	2183888
GRCh38 | M301307.lib1	42832	0	0	0	0	0	0	0	5644	0	13.18	nan	42832	0	21416	0	21416	0	5324	0	12.43	nan	5590	0	54	0	0.13	nan	22	0	10	0	42832
GRCh38 | M301308.lib1	242716	0	0	0	0	0	0	0	9961	0	4.1	nan	242716	0	121358	0	121358	0	9624	0	3.97	nan	9936	0	25	0	0.01	nan	18	0	7	0	242716
GRCh38 | M301309.lib1	63948	0	0	0	0	0	0	0	10953	0	17.13	nan	63948	0	31974	0	31974	0	10278	0	16.07	nan	10842	0	111	0	0.17	nan	60	0	23	0	63948
GRCh38 | M301310.lib1	15845020	0	0	0	0	0	0	0	12901	0	0.08	nan	15845020	0	7922510	0	7922510	0	12016	0	0.08	nan	12732	0	169	0	0.0	nan	50	0	17	0	15845020
GRCh38 | M301311.lib1	18627832	0	0	0	0	0	0	0	91277	0	0.49	nan	18627832	0	9313916	0	9313916	0	84424	0	0.45	nan	89978	0	1299	0	0.01	nan	506	0	178	0	18627832
GRCh38 | M301312.lib1	25882220	0	0	0	0	0	0	0	9531	0	0.04	nan	25882220	0	12941110	0	12941110	0	8984	0	0.03	nan	9372	0	159	0	0.0	nan	36	0	7	0	25882220
GRCh38 | M301313.lib1	33830966	0	0	0	0	0	0	0	8705	0	0.03	nan	33830966	0	16915483	0	16915483	0	8172	0	0.02	nan	8506	0	199	0	0.0	nan	32	0	8	0	33830966
GRCh38 | M301314.lib1	51551458	0	0	0	0	0	0	0	187463	0	0.36	nan	51551458	0	25775729	0	25775729	0	176478	0	0.34	nan	184572	0	2891	0	0.01	nan	478	0	124	0	51551458
GRCh38 | M301315.lib1	42471450	0	0	0	0	0	0	0	10153	0	0.02	nan	42471450	0	21235725	0	21235725	0	9414	0	0.02	nan	9894	0	259	0	0.0	nan	32	0	10	0	42471450
GRCh38 | M301316.lib1	46034770	0	0	0	0	0	0	0	21521	0	0.05	nan	46034770	0	23017385	0	23017385	0	20652	0	0.04	nan	21180	0	341	0	0.0	nan	44	0	27	0	46034770
GRCh38 | M301317.lib1	35638864	0	0	0	0	0	0	0	10917	0	0.03	nan	35638864	0	17819432	0	17819432	0	10124	0	0.03	nan	10640	0	277	0	0.0	nan	36	0	15	0	35638864
GRCh38 | M301318.lib1	19746716	0	0	0	0	0	0	0	7095	0	0.04	nan	19746716	0	9873358	0	9873358	0	6352	0	0.03	nan	6892	0	203	0	0.0	nan	16	0	4	0	19746716
GRCh38 | M301319.lib1	32842	0	0	0	0	0	0	0	3583	0	10.91	nan	32842	0	16421	0	16421	0	3378	0	10.29	nan	3572	0	11	0	0.03	nan	12	0	6	0	32842
GRCh38 | M301320.lib1	8618	0	0	0	0	0	0	0	836	0	9.7	nan	8618	0	4309	0	4309	0	814	0	9.45	nan	822	0	14	0	0.16	nan	6	0	2	0	8618
GRCh38 | M301321.lib1	258170	0	0	0	0	0	0	0	218956	0	84.81	nan	258170	0	129085	0	129085	0	214338	0	83.02	nan	217892	0	1064	0	0.41	nan	382	0	123	0	258170
GRCh38 | M301322.lib1	14560170	0	0	0	0	0	0	0	8006	0	0.05	nan	14560170	0	7280085	0	7280085	0	7608	0	0.05	nan	7880	0	126	0	0.0	nan	14	0	6	0	14560170
GRCh38 | M301323.lib1	36198718	0	0	0	0	0	0	0	11679	0	0.03	nan	36198718	0	18099359	0	18099359	0	10918	0	0.03	nan	11454	0	225	0	0.0	nan	42	0	4	0	36198718
GRCh38 | M301324.lib1	38868110	0	0	0	0	0	0	0	9010	0	0.02	nan	38868110	0	19434055	0	19434055	0	8250	0	0.02	nan	8608	0	402	0	0.0	nan	32	0	11	0	38868110
GRCh38 | M301325.lib1	8360170	0	0	0	0	0	0	0	3853	0	0.05	nan	8360170	0	4180085	0	4180085	0	3572	0	0.04	nan	3794	0	59	0	0.0	nan	10	0	2	0	8360170
GRCh38 | M301326.lib1	19521868	0	0	0	0	0	0	0	8740	0	0.04	nan	19521868	0	9760934	0	9760934	0	7678	0	0.04	nan	8394	0	346	0	0.0	nan	52	0	15	0	19521868
GRCh38 | M301327.lib1	1684946	0	0	0	0	0	0	0	7334	0	0.44	nan	1684946	0	842473	0	842473	0	6966	0	0.41	nan	7252	0	82	0	0.0	nan	28	0	10	0	1684946
GRCh38 | M301328.lib1	99412	0	0	0	0	0	0	0	8766	0	8.82	nan	99412	0	49706	0	49706	0	8252	0	8.3	nan	8740	0	26	0	0.03	nan	26	0	4	0	99412
GRCh38 | M301329.lib1	39599416	0	0	0	0	0	0	0	10364	0	0.03	nan	39599416	0	19799708	0	19799708	0	9678	0	0.02	nan	10192	0	172	0	0.0	nan	28	0	8	0	39599416
GRCh38 | M301330.lib1	1750884	0	0	0	0	0	0	0	22010	0	1.26	nan	1750884	0	875442	0	875442	0	19978	0	1.14	nan	20644	0	1366	0	0.08	nan	84	0	12	0	1750884
GRCh38 | M301331.lib1	47378	0	0	0	0	0	0	0	3190	0	6.73	nan	47378	0	23689	0	23689	0	3094	0	6.53	nan	3114	0	76	0	0.16	nan	4	0	1	0	47378
GRCh38 | M301332.lib1	2915832	0	0	0	0	0	0	0	17012	0	0.58	nan	2915832	0	1457916	0	1457916	0	12676	0	0.43	nan	13782	0	3230	0	0.11	nan	230	0	22	0	2915832
GRCh38 | M301333.lib1	72968	0	0	0	0	0	0	0	9234	0	12.65	nan	72968	0	36484	0	36484	0	8830	0	12.1	nan	9154	0	80	0	0.11	nan	8	0	1	0	72968
GRCh38 | M301334.lib1	214298	0	0	0	0	0	0	0	14498	0	6.77	nan	214298	0	107149	0	107149	0	13868	0	6.47	nan	14348	0	150	0	0.07	nan	14	0	3	0	214298
GRCh38 | M301335.lib1	1356324	0	0	0	0	0	0	0	9313	0	0.69	nan	1356324	0	678162	0	678162	0	7946	0	0.59	nan	8110	0	1203	0	0.09	nan	28	0	4	0	1356324
GRCh38 | M301336.lib1	2582372	0	0	0	0	0	0	0	16675	0	0.65	nan	2582372	0	1291186	0	1291186	0	13574	0	0.53	nan	13976	0	2699	0	0.1	nan	74	0	8	0	2582372
GRCh38 | M301337.lib1	6717594	0	0	0	0	0	0	0	75710	0	1.13	nan	6717594	0	3358797	0	3358797	0	69648	0	1.04	nan	71092	0	4618	0	0.07	nan	126	0	19	0	6717594
GRCh38 | M301338.lib1	111828	0	0	0	0	0	0	0	5931	0	5.3	nan	111828	0	55914	0	55914	0	5652	0	5.05	nan	5852	0	79	0	0.07	nan	32	0	8	0	111828
GRCh38 | M301339.lib1	89008	0	0	0	0	0	0	0	8901	0	10.0	nan	89008	0	44504	0	44504	0	8554	0	9.61	nan	8802	0	99	0	0.11	nan	36	0	17	0	89008
GRCh38 | M301340.lib1	45606	0	0	0	0	0	0	0	15600	0	34.21	nan	45606	0	22803	0	22803	0	14960	0	32.8	nan	15524	0	76	0	0.17	nan	40	0	10	0	45606
GRCh38 | M301341.lib1	37242	0	0	0	0	0	0	0	1480	0	3.97	nan	37242	0	18621	0	18621	0	1282	0	3.44	nan	1340	0	140	0	0.38	nan	2	0	1	0	37242
GRCh38 | M301342.lib1	1645166	0	0	0	0	0	0	0	13801	0	0.84	nan	1645166	0	822583	0	822583	0	11898	0	0.72	nan	12396	0	1405	0	0.09	nan	44	0	7	0	1645166
GRCh38 | M301343.lib1	17432	0	0	0	0	0	0	0	2714	0	15.57	nan	17432	0	8716	0	8716	0	2536	0	14.55	nan	2696	0	18	0	0.1	nan	28	0	18	0	17432
GRCh38 | M301344.lib1	335292	0	0	0	0	0	0	0	6813	0	2.03	nan	335292	0	167646	0	167646	0	6334	0	1.89	nan	6556	0	257	0	0.08	nan	16	0	2	0	335292
GRCh38 | M301345.lib1	8862882	0	0	0	0	0	0	0	53741	0	0.61	nan	8862882	0	4431441	0	4431441	0	45394	0	0.51	nan	46102	0	7639	0	0.09	nan	152	0	14	0	8862882
GRCh38 | M301346.lib1	252642	0	0	0	0	0	0	0	25838	0	10.23	nan	252642	0	126321	0	126321	0	24348	0	9.64	nan	25574	0	264	0	0.1	nan	88	0	19	0	252642
GRCh38 | M301347.lib1	6999820	0	0	0	0	0	0	0	44303	0	0.63	nan	6999820	0	3499910	0	3499910	0	37456	0	0.54	nan	38352	0	5951	0	0.09	nan	174	0	7	0	6999820
GRCh38 | M301348.lib1	804900	0	0	0	0	0	0	0	15269	0	1.9	nan	804900	0	402450	0	402450	0	13946	0	1.73	nan	14660	0	609	0	0.08	nan	60	0	25	0	804900
GRCh38 | M301349.lib1	84126	0	0	0	0	0	0	0	25176	0	29.93	nan	84126	0	42063	0	42063	0	24036	0	28.57	nan	25026	0	150	0	0.18	nan	48	0	22	0	84126
GRCh38 | M301350.lib1	276286	0	0	0	0	0	0	0	143615	0	51.98	nan	276286	0	138143	0	138143	0	139002	0	50.31	nan	143050	0	565	0	0.2	nan	324	0	146	0	276286
GRCh38 | M301351.lib1	17037216	0	0	0	0	0	0	0	82713	0	0.49	nan	17037216	0	8518608	0	8518608	0	66060	0	0.39	nan	67020	0	15693	0	0.09	nan	322	0	7	0	17037216
GRCh38 | M301352.lib1	4717644	0	0	0	0	0	0	0	39613	0	0.84	nan	4717644	0	2358822	0	2358822	0	34716	0	0.74	nan	35594	0	4019	0	0.09	nan	94	0	9	0	4717644
GRCh38 | M301353.lib1	508190	0	0	0	0	0	0	0	25700	0	5.06	nan	508190	0	254095	0	254095	0	24250	0	4.77	nan	25260	0	440	0	0.09	nan	98	0	3	0	508190
GRCh38 | M301354.lib1	60498132	0	0	0	0	0	0	0	243579	0	0.4	nan	60498132	0	30249066	0	30249066	0	181848	0	0.3	nan	185678	0	57901	0	0.1	nan	1152	0	54	0	60498132
GRCh38 | M301355.lib1	19114	0	0	0	0	0	0	0	2304	0	12.05	nan	19114	0	9557	0	9557	0	2250	0	11.77	nan	2290	0	14	0	0.07	nan	0	0	0	0	19114
GRCh38 | M301356.lib1	1158558	0	0	0	0	0	0	0	29858	0	2.58	nan	1158558	0	579279	0	579279	0	27930	0	2.41	nan	28858	0	1000	0	0.09	nan	106	0	47	0	1158558
GRCh38 | M301357.lib1	1365062	0	0	0	0	0	0	0	20119	0	1.47	nan	1365062	0	682531	0	682531	0	18722	0	1.37	nan	19256	0	863	0	0.06	nan	28	0	1	0	1365062
GRCh38 | M301358.lib1	14291834	0	0	0	0	0	0	0	100426	0	0.7	nan	14291834	0	7145917	0	7145917	0	86926	0	0.61	nan	88264	0	12162	0	0.09	nan	200	0	11	0	14291834
GRCh38 | M301359.lib1	13939364	0	0	0	0	0	0	0	82142	0	0.59	nan	13939364	0	6969682	0	6969682	0	67396	0	0.48	nan	69070	0	13072	0	0.09	nan	320	0	16	0	13939364
GRCh38 | M301360.lib1	22492072	0	0	0	0	0	0	0	121699	0	0.54	nan	22492072	0	11246036	0	11246036	0	100658	0	0.45	nan	102384	0	19315	0	0.09	nan	406	0	42	0	22492072
GRCh38 | M301361.lib1	2277884	0	0	0	0	0	0	0	42558	0	1.87	nan	2277884	0	1138942	0	1138942	0	39372	0	1.73	nan	40656	0	1902	0	0.08	nan	126	0	49	0	2277884
GRCh38 | M301362.lib1	34540	0	0	0	0	0	0	0	10352	0	29.97	nan	34540	0	17270	0	17270	0	9992	0	28.93	nan	10296	0	56	0	0.16	nan	20	0	3	0	34540
GRCh38 | M301363.lib1	48198	0	0	0	0	0	0	0	6408	0	13.3	nan	48198	0	24099	0	24099	0	5958	0	12.36	nan	6282	0	126	0	0.26	nan	78	0	8	0	48198
GRCh38 | M301364.lib1	7968774	0	0	0	0	0	0	0	10007	0	0.13	nan	7968774	0	3984387	0	3984387	0	9498	0	0.12	nan	9878	0	129	0	0.0	nan	12	0	4	0	7968774
GRCh38 | M301365.lib1	3267870	0	0	0	0	0	0	0	17848	0	0.55	nan	3267870	0	1633935	0	1633935	0	14722	0	0.45	nan	14966	0	2882	0	0.09	nan	70	0	2	0	3267870
GRCh38 | M301366.lib1	37662	0	0	0	0	0	0	0	4061	0	10.78	nan	37662	0	18831	0	18831	0	3878	0	10.3	nan	4032	0	29	0	0.08	nan	10	0	3	0	37662
GRCh38 | M301367.lib1	278082	0	0	0	0	0	0	0	5095	0	1.83	nan	278082	0	139041	0	139041	0	4606	0	1.66	nan	4834	0	261	0	0.09	nan	20	0	5	0	278082
GRCh38 | M301368.lib1	1590762	0	0	0	0	0	0	0	11563	0	0.73	nan	1590762	0	795381	0	795381	0	9874	0	0.62	nan	10100	0	1463	0	0.09	nan	32	0	3	0	1590762
GRCh38 | M301369.lib1	48168	0	0	0	0	0	0	0	10695	0	22.2	nan	48168	0	24084	0	24084	0	10194	0	21.16	nan	10630	0	65	0	0.13	nan	12	0	3	0	48168
GRCh38 | M301370.lib1	2925552	0	0	0	0	0	0	0	47645	0	1.63	nan	2925552	0	1462776	0	1462776	0	43846	0	1.5	nan	45188	0	2457	0	0.08	nan	294	0	144	0	2925552
GRCh38 | M301371.lib1	211268	0	0	0	0	0	0	0	25383	0	12.01	nan	211268	0	105634	0	105634	0	24500	0	11.6	nan	25200	0	183	0	0.09	nan	62	0	46	0	211268
GRCh38 | M301372.lib1	120294	0	0	0	0	0	0	0	22271	0	18.51	nan	120294	0	60147	0	60147	0	21582	0	17.94	nan	22182	0	89	0	0.07	nan	24	0	7	0	120294
GRCh38 | M301373.lib1	1044762	0	0	0	0	0	0	0	30347	0	2.9	nan	1044762	0	522381	0	522381	0	28098	0	2.69	nan	29416	0	931	0	0.09	nan	82	0	32	0	1044762
GRCh38 | M301374.lib1	16975122	0	0	0	0	0	0	0	110366	0	0.65	nan	16975122	0	8487561	0	8487561	0	92862	0	0.55	nan	94510	0	15856	0	0.09	nan	294	0	36	0	16975122
GRCh38 | M301375.lib1	4514690	0	0	0	0	0	0	0	340180	0	7.53	nan	4514690	0	2257345	0	2257345	0	328410	0	7.27	nan	335088	0	5092	0	0.11	nan	616	0	164	0	4514690
GRCh38 | M301376.lib1	122474	0	0	0	0	0	0	0	21971	0	17.94	nan	122474	0	61237	0	61237	0	21242	0	17.34	nan	21838	0	133	0	0.11	nan	38	0	19	0	122474
GRCh38 | M301377.lib1	61397952	0	0	0	0	0	0	0	261061	0	0.43	nan	61397952	0	30698976	0	30698976	0	200300	0	0.33	nan	203300	0	57761	0	0.09	nan	972	0	41	0	61397952
Sscrofa11.1 | M301186.lib1	15156	0	0	0	0	0	0	0	6	0	0.04	nan	15156	0	7578	0	7578	0	6	0	0.04	nan	6	0	0	0	0.0	nan	0	0	0	0	15156
Sscrofa11.1 | M301187.lib1	2904832	0	0	0	0	0	0	0	35	0	0.0	nan	2904832	0	1452416	0	1452416	0	0	0	0.0	nan	0	0	35	0	0.0	nan	0	0	0	0	2904832
Sscrofa11.1 | M301188.lib1	9974666	0	0	0	0	0	0	0	88	0	0.0	nan	9974666	0	4987333	0	4987333	0	0	0	0.0	nan	0	0	88	0	0.0	nan	0	0	0	0	9974666
Sscrofa11.1 | M301189.lib1	921502	0	0	0	0	0	0	0	22	0	0.0	nan	921502	0	460751	0	460751	0	8	0	0.0	nan	8	0	14	0	0.0	nan	0	0	0	0	921502
Sscrofa11.1 | M301190.lib1	14010	0	0	0	0	0	0	0	50	0	0.36	nan	14010	0	7005	0	7005	0	46	0	0.33	nan	46	0	4	0	0.03	nan	0	0	0	0	14010
Sscrofa11.1 | M301191.lib1	10830396	0	0	0	0	0	0	0	103	0	0.0	nan	10830396	0	5415198	0	5415198	0	0	0	0.0	nan	0	0	103	0	0.0	nan	0	0	0	0	10830396
Sscrofa11.1 | M301192.lib1	23073692	0	0	0	0	0	0	0	283	0	0.0	nan	23073692	0	11536846	0	11536846	0	4	0	0.0	nan	4	0	279	0	0.0	nan	0	0	0	0	23073692
Sscrofa11.1 | M301193.lib1	43994710	0	0	0	0	0	0	0	332	0	0.0	nan	43994710	0	21997355	0	21997355	0	72	0	0.0	nan	74	0	258	0	0.0	nan	0	0	0	0	43994710
Sscrofa11.1 | M301194.lib1	7502056	0	0	0	0	0	0	0	48	0	0.0	nan	7502056	0	3751028	0	3751028	0	16	0	0.0	nan	16	0	32	0	0.0	nan	0	0	0	0	7502056
Sscrofa11.1 | M301195.lib1	16008776	0	0	0	0	0	0	0	208	0	0.0	nan	16008776	0	8004388	0	8004388	0	72	0	0.0	nan	72	0	136	0	0.0	nan	0	0	0	0	16008776
Sscrofa11.1 | M301196.lib1	15464	0	0	0	0	0	0	0	2	0	0.01	nan	15464	0	7732	0	7732	0	2	0	0.01	nan	2	0	0	0	0.0	nan	0	0	0	0	15464
Sscrofa11.1 | M301197.lib1	7274	0	0	0	0	0	0	0	8	0	0.11	nan	7274	0	3637	0	3637	0	8	0	0.11	nan	8	0	0	0	0.0	nan	0	0	0	0	7274
Sscrofa11.1 | M301198.lib1	16417566	0	0	0	0	0	0	0	243	0	0.0	nan	16417566	0	8208783	0	8208783	0	20	0	0.0	nan	20	0	223	0	0.0	nan	0	0	0	0	16417566
Sscrofa11.1 | M301199.lib1	12538332	0	0	0	0	0	0	0	213	0	0.0	nan	12538332	0	6269166	0	6269166	0	76	0	0.0	nan	76	0	137	0	0.0	nan	0	0	0	0	12538332
Sscrofa11.1 | M301200.lib1	13816588	0	0	0	0	0	0	0	140	0	0.0	nan	13816588	0	6908294	0	6908294	0	20	0	0.0	nan	20	0	120	0	0.0	nan	0	0	0	0	13816588
Sscrofa11.1 | M301201.lib1	8429110	0	0	0	0	0	0	0	155	0	0.0	nan	8429110	0	4214555	0	4214555	0	36	0	0.0	nan	36	0	119	0	0.0	nan	0	0	0	0	8429110
Sscrofa11.1 | M301202.lib1	16503760	0	0	0	0	0	0	0	214	0	0.0	nan	16503760	0	8251880	0	8251880	0	4	0	0.0	nan	4	0	210	0	0.0	nan	0	0	0	0	16503760
Sscrofa11.1 | M301203.lib1	18238770	0	0	0	0	0	0	0	240	0	0.0	nan	18238770	0	9119385	0	9119385	0	84	0	0.0	nan	84	0	156	0	0.0	nan	0	0	0	0	18238770
Sscrofa11.1 | M301204.lib1	1339448	0	0	0	0	0	0	0	30	0	0.0	nan	1339448	0	669724	0	669724	0	0	0	0.0	nan	0	0	30	0	0.0	nan	0	0	0	0	1339448
Sscrofa11.1 | M301205.lib1	450502	0	0	0	0	0	0	0	12	0	0.0	nan	450502	0	225251	0	225251	0	2	0	0.0	nan	2	0	10	0	0.0	nan	0	0	0	0	450502
Sscrofa11.1 | M301206.lib1	2786640	0	0	0	0	0	0	0	38	0	0.0	nan	2786640	0	1393320	0	1393320	0	2	0	0.0	nan	2	0	36	0	0.0	nan	0	0	0	0	2786640
Sscrofa11.1 | M301207.lib1	4290	0	0	0	0	0	0	0	2	0	0.05	nan	4290	0	2145	0	2145	0	0	0	0.0	nan	0	0	2	0	0.05	nan	0	0	0	0	4290
Sscrofa11.1 | M301208.lib1	7401672	0	0	0	0	0	0	0	113	0	0.0	nan	7401672	0	3700836	0	3700836	0	0	0	0.0	nan	0	0	113	0	0.0	nan	0	0	0	0	7401672
Sscrofa11.1 | M301209.lib1	38742	0	0	0	0	0	0	0	28	0	0.07	nan	38742	0	19371	0	19371	0	10	0	0.03	nan	20	0	8	0	0.02	nan	0	0	0	0	38742
Sscrofa11.1 | M301210.lib1	17119864	0	0	0	0	0	0	0	293	0	0.0	nan	17119864	0	8559932	0	8559932	0	34	0	0.0	nan	42	0	251	0	0.0	nan	0	0	0	0	17119864
Sscrofa11.1 | M301211.lib1	33825436	0	0	0	0	0	0	0	243	0	0.0	nan	33825436	0	16912718	0	16912718	0	2	0	0.0	nan	2	0	241	0	0.0	nan	0	0	0	0	33825436
Sscrofa11.1 | M301212.lib1	62227972	0	0	0	0	0	0	0	504	0	0.0	nan	62227972	0	31113986	0	31113986	0	54	0	0.0	nan	54	0	450	0	0.0	nan	0	0	0	0	62227972
Sscrofa11.1 | M301213.lib1	120780	0	0	0	0	0	0	0	14	0	0.01	nan	120780	0	60390	0	60390	0	12	0	0.01	nan	12	0	2	0	0.0	nan	0	0	0	0	120780
Sscrofa11.1 | M301214.lib1	5835446	0	0	0	0	0	0	0	178	0	0.0	nan	5835446	0	2917723	0	2917723	0	6	0	0.0	nan	6	0	172	0	0.0	nan	0	0	0	0	5835446
Sscrofa11.1 | M301215.lib1	350102	0	0	0	0	0	0	0	24	0	0.01	nan	350102	0	175051	0	175051	0	18	0	0.01	nan	20	0	4	0	0.0	nan	0	0	0	0	350102
Sscrofa11.1 | M301216.lib1	35233894	0	0	0	0	0	0	0	307	0	0.0	nan	35233894	0	17616947	0	17616947	0	0	0	0.0	nan	0	0	307	0	0.0	nan	0	0	0	0	35233894
Sscrofa11.1 | M301217.lib1	30314	0	0	0	0	0	0	0	12	0	0.04	nan	30314	0	15157	0	15157	0	12	0	0.04	nan	12	0	0	0	0.0	nan	0	0	0	0	30314
Sscrofa11.1 | M301218.lib1	30314	0	0	0	0	0	0	0	2	0	0.01	nan	30314	0	15157	0	15157	0	2	0	0.01	nan	2	0	0	0	0.0	nan	0	0	0	0	30314
Sscrofa11.1 | M301219.lib1	24302186	0	0	0	0	0	0	0	305	0	0.0	nan	24302186	0	12151093	0	12151093	0	26	0	0.0	nan	26	0	279	0	0.0	nan	0	0	0	0	24302186
Sscrofa11.1 | M301220.lib1	66992	0	0	0	0	0	0	0	9	0	0.01	nan	66992	0	33496	0	33496	0	2	0	0.0	nan	2	0	7	0	0.01	nan	0	0	0	0	66992
Sscrofa11.1 | M301221.lib1	57648	0	0	0	0	0	0	0	9	0	0.02	nan	57648	0	28824	0	28824	0	6	0	0.01	nan	6	0	3	0	0.01	nan	0	0	0	0	57648
Sscrofa11.1 | M301222.lib1	2801474	0	0	0	0	0	0	0	54	0	0.0	nan	2801474	0	1400737	0	1400737	0	2	0	0.0	nan	2	0	52	0	0.0	nan	0	0	0	0	2801474
Sscrofa11.1 | M301223.lib1	30560796	0	0	0	0	0	0	0	543	0	0.0	nan	30560796	0	15280398	0	15280398	0	6	0	0.0	nan	6	0	537	0	0.0	nan	0	0	0	0	30560796
Sscrofa11.1 | M301224.lib1	11731716	0	0	0	0	0	0	0	211	0	0.0	nan	11731716	0	5865858	0	5865858	0	0	0	0.0	nan	0	0	211	0	0.0	nan	0	0	0	0	11731716
Sscrofa11.1 | M301225.lib1	5929510	0	0	0	0	0	0	0	77	0	0.0	nan	5929510	0	2964755	0	2964755	0	8	0	0.0	nan	8	0	69	0	0.0	nan	0	0	0	0	5929510
Sscrofa11.1 | M301226.lib1	1292248	0	0	0	0	0	0	0	30	0	0.0	nan	1292248	0	646124	0	646124	0	0	0	0.0	nan	0	0	30	0	0.0	nan	0	0	0	0	1292248
Sscrofa11.1 | M301227.lib1	492934	0	0	0	0	0	0	0	11	0	0.0	nan	492934	0	246467	0	246467	0	0	0	0.0	nan	0	0	11	0	0.0	nan	0	0	0	0	492934
Sscrofa11.1 | M301228.lib1	2914	0	0	0	0	0	0	0	1	0	0.03	nan	2914	0	1457	0	1457	0	0	0	0.0	nan	0	0	1	0	0.03	nan	0	0	0	0	2914
Sscrofa11.1 | M301229.lib1	13805820	0	0	0	0	0	0	0	213	0	0.0	nan	13805820	0	6902910	0	6902910	0	12	0	0.0	nan	20	0	193	0	0.0	nan	0	0	0	0	13805820
Sscrofa11.1 | M301230.lib1	80762	0	0	0	0	0	0	0	0	0	0.0	nan	80762	0	40381	0	40381	0	0	0	0.0	nan	0	0	0	0	0.0	nan	0	0	0	0	80762
Sscrofa11.1 | M301231.lib1	55566	0	0	0	0	0	0	0	3	0	0.01	nan	55566	0	27783	0	27783	0	0	0	0.0	nan	0	0	3	0	0.01	nan	0	0	0	0	55566
Sscrofa11.1 | M301232.lib1	344	0	0	0	0	0	0	0	0	0	0.0	nan	344	0	172	0	172	0	0	0	0.0	nan	0	0	0	0	0.0	nan	0	0	0	0	344
Sscrofa11.1 | M301233.lib1	33710248	0	0	0	0	0	0	0	545	0	0.0	nan	33710248	0	16855124	0	16855124	0	22	0	0.0	nan	22	0	523	0	0.0	nan	0	0	0	0	33710248
Sscrofa11.1 | M301234.lib1	18438	0	0	0	0	0	0	0	13	0	0.07	nan	18438	0	9219	0	9219	0	10	0	0.05	nan	10	0	3	0	0.02	nan	0	0	0	0	18438
Sscrofa11.1 | M301235.lib1	151984	0	0	0	0	0	0	0	135	0	0.09	nan	151984	0	75992	0	75992	0	66	0	0.04	nan	68	0	67	0	0.04	nan	0	0	0	0	151984
Sscrofa11.1 | M301236.lib1	38722	0	0	0	0	0	0	0	18	0	0.05	nan	38722	0	19361	0	19361	0	8	0	0.02	nan	8	0	10	0	0.03	nan	0	0	0	0	38722
Sscrofa11.1 | M301237.lib1	39654	0	0	0	0	0	0	0	30	0	0.08	nan	39654	0	19827	0	19827	0	10	0	0.03	nan	10	0	20	0	0.05	nan	0	0	0	0	39654
Sscrofa11.1 | M301238.lib1	29656	0	0	0	0	0	0	0	22	0	0.07	nan	29656	0	14828	0	14828	0	14	0	0.05	nan	14	0	8	0	0.03	nan	0	0	0	0	29656
Sscrofa11.1 | M301239.lib1	74466	0	0	0	0	0	0	0	2	0	0.0	nan	74466	0	37233	0	37233	0	2	0	0.0	nan	2	0	0	0	0.0	nan	0	0	0	0	74466
Sscrofa11.1 | M301240.lib1	1508508	0	0	0	0	0	0	0	32	0	0.0	nan	1508508	0	754254	0	754254	0	16	0	0.0	nan	16	0	16	0	0.0	nan	0	0	0	0	1508508
Sscrofa11.1 | M301241.lib1	24058	0	0	0	0	0	0	0	6	0	0.02	nan	24058	0	12029	0	12029	0	4	0	0.02	nan	4	0	2	0	0.01	nan	0	0	0	0	24058
Sscrofa11.1 | M301242.lib1	296826	0	0	0	0	0	0	0	225	0	0.08	nan	296826	0	148413	0	148413	0	104	0	0.04	nan	106	0	119	0	0.04	nan	0	0	0	0	296826
Sscrofa11.1 | M301243.lib1	67238	0	0	0	0	0	0	0	55	0	0.08	nan	67238	0	33619	0	33619	0	36	0	0.05	nan	36	0	19	0	0.03	nan	0	0	0	0	67238
Sscrofa11.1 | M301244.lib1	284134	0	0	0	0	0	0	0	63	0	0.02	nan	284134	0	142067	0	142067	0	54	0	0.02	nan	54	0	9	0	0.0	nan	0	0	0	0	284134
Sscrofa11.1 | M301245.lib1	164544	0	0	0	0	0	0	0	367	0	0.22	nan	164544	0	82272	0	82272	0	334	0	0.2	nan	338	0	29	0	0.02	nan	0	0	0	0	164544
Sscrofa11.1 | M301246.lib1	47164	0	0	0	0	0	0	0	30	0	0.06	nan	47164	0	23582	0	23582	0	28	0	0.06	nan	28	0	2	0	0.0	nan	0	0	0	0	47164
Sscrofa11.1 | M301247.lib1	125742	0	0	0	0	0	0	0	47	0	0.04	nan	125742	0	62871	0	62871	0	30	0	0.02	nan	30	0	17	0	0.01	nan	0	0	0	0	125742
Sscrofa11.1 | M301248.lib1	99426	0	0	0	0	0	0	0	65	0	0.07	nan	99426	0	49713	0	49713	0	38	0	0.04	nan	40	0	25	0	0.03	nan	0	0	0	0	99426
Sscrofa11.1 | M301249.lib1	104806	0	0	0	0	0	0	0	49	0	0.05	nan	104806	0	52403	0	52403	0	46	0	0.04	nan	46	0	3	0	0.0	nan	0	0	0	0	104806
Sscrofa11.1 | M301250.lib1	115924	0	0	0	0	0	0	0	64	0	0.06	nan	115924	0	57962	0	57962	0	56	0	0.05	nan	56	0	8	0	0.01	nan	0	0	0	0	115924
Sscrofa11.1 | M301251.lib1	353994	0	0	0	0	0	0	0	130	0	0.04	nan	353994	0	176997	0	176997	0	52	0	0.01	nan	60	0	70	0	0.02	nan	0	0	0	0	353994
Sscrofa11.1 | M301252.lib1	593410	0	0	0	0	0	0	0	216	0	0.04	nan	593410	0	296705	0	296705	0	112	0	0.02	nan	126	0	90	0	0.02	nan	0	0	0	0	593410
Sscrofa11.1 | M301253.lib1	65038	0	0	0	0	0	0	0	11	0	0.02	nan	65038	0	32519	0	32519	0	8	0	0.01	nan	8	0	3	0	0.0	nan	0	0	0	0	65038
Sscrofa11.1 | M301254.lib1	19280	0	0	0	0	0	0	0	1	0	0.01	nan	19280	0	9640	0	9640	0	0	0	0.0	nan	0	0	1	0	0.01	nan	0	0	0	0	19280
Sscrofa11.1 | M301255.lib1	690752	0	0	0	0	0	0	0	1315	0	0.19	nan	690752	0	345376	0	345376	0	1056	0	0.15	nan	1230	0	85	0	0.01	nan	0	0	0	0	690752
Sscrofa11.1 | M301256.lib1	1378716	0	0	0	0	0	0	0	1626	0	0.12	nan	1378716	0	689358	0	689358	0	568	0	0.04	nan	664	0	962	0	0.07	nan	8	0	0	0	1378716
Sscrofa11.1 | M301257.lib1	132922	0	0	0	0	0	0	0	88	0	0.07	nan	132922	0	66461	0	66461	0	88	0	0.07	nan	88	0	0	0	0.0	nan	0	0	0	0	132922
Sscrofa11.1 | M301258.lib1	130446	0	0	0	0	0	0	0	108	0	0.08	nan	130446	0	65223	0	65223	0	78	0	0.06	nan	80	0	28	0	0.02	nan	0	0	0	0	130446
Sscrofa11.1 | M301259.lib1	1210444	0	0	0	0	0	0	0	440	0	0.04	nan	1210444	0	605222	0	605222	0	364	0	0.03	nan	422	0	18	0	0.0	nan	0	0	0	0	1210444
Sscrofa11.1 | M301260.lib1	58068	0	0	0	0	0	0	0	0	0	0.0	nan	58068	0	29034	0	29034	0	0	0	0.0	nan	0	0	0	0	0.0	nan	0	0	0	0	58068
Sscrofa11.1 | M301261.lib1	1544144	0	0	0	0	0	0	0	1151	0	0.07	nan	1544144	0	772072	0	772072	0	626	0	0.04	nan	674	0	477	0	0.03	nan	0	0	0	0	1544144
Sscrofa11.1 | M301262.lib1	762940	0	0	0	0	0	0	0	640	0	0.08	nan	762940	0	381470	0	381470	0	294	0	0.04	nan	318	0	322	0	0.04	nan	4	0	0	0	762940
Sscrofa11.1 | M301263.lib1	121278	0	0	0	0	0	0	0	81	0	0.07	nan	121278	0	60639	0	60639	0	76	0	0.06	nan	78	0	3	0	0.0	nan	0	0	0	0	121278
Sscrofa11.1 | M301264.lib1	87376	0	0	0	0	0	0	0	38	0	0.04	nan	87376	0	43688	0	43688	0	30	0	0.03	nan	30	0	8	0	0.01	nan	0	0	0	0	87376
Sscrofa11.1 | M301265.lib1	642708	0	0	0	0	0	0	0	260	0	0.04	nan	642708	0	321354	0	321354	0	226	0	0.04	nan	228	0	32	0	0.0	nan	0	0	0	0	642708
Sscrofa11.1 | M301266.lib1	75564	0	0	0	0	0	0	0	62	0	0.08	nan	75564	0	37782	0	37782	0	34	0	0.04	nan	36	0	26	0	0.03	nan	0	0	0	0	75564
Sscrofa11.1 | M301267.lib1	21756	0	0	0	0	0	0	0	60	0	0.28	nan	21756	0	10878	0	10878	0	60	0	0.28	nan	60	0	0	0	0.0	nan	0	0	0	0	21756
Sscrofa11.1 | M301268.lib1	120876	0	0	0	0	0	0	0	122	0	0.1	nan	120876	0	60438	0	60438	0	64	0	0.05	nan	64	0	58	0	0.05	nan	0	0	0	0	120876
Sscrofa11.1 | M301269.lib1	23512	0	0	0	0	0	0	0	34	0	0.14	nan	23512	0	11756	0	11756	0	32	0	0.14	nan	32	0	2	0	0.01	nan	0	0	0	0	23512
Sscrofa11.1 | M301270.lib1	1104702	0	0	0	0	0	0	0	1194	0	0.11	nan	1104702	0	552351	0	552351	0	396	0	0.04	nan	442	0	752	0	0.07	nan	4	0	0	0	1104702
Sscrofa11.1 | M301271.lib1	101074	0	0	0	0	0	0	0	161	0	0.16	nan	101074	0	50537	0	50537	0	126	0	0.12	nan	126	0	35	0	0.03	nan	0	0	0	0	101074
Sscrofa11.1 | M301272.lib1	6416	0	0	0	0	0	0	0	4	0	0.06	nan	6416	0	3208	0	3208	0	4	0	0.06	nan	4	0	0	0	0.0	nan	0	0	0	0	6416
Sscrofa11.1 | M301273.lib1	61392	0	0	0	0	0	0	0	70	0	0.11	nan	61392	0	30696	0	30696	0	70	0	0.11	nan	70	0	0	0	0.0	nan	0	0	0	0	61392
Sscrofa11.1 | M301274.lib1	100292	0	0	0	0	0	0	0	148	0	0.15	nan	100292	0	50146	0	50146	0	146	0	0.15	nan	146	0	2	0	0.0	nan	0	0	0	0	100292
Sscrofa11.1 | M301275.lib1	364364	0	0	0	0	0	0	0	414	0	0.11	nan	364364	0	182182	0	182182	0	306	0	0.08	nan	308	0	106	0	0.03	nan	2	0	0	0	364364
Sscrofa11.1 | M301276.lib1	144874	0	0	0	0	0	0	0	43	0	0.03	nan	144874	0	72437	0	72437	0	20	0	0.01	nan	22	0	21	0	0.01	nan	0	0	0	0	144874
Sscrofa11.1 | M301277.lib1	38754	0	0	0	0	0	0	0	45	0	0.12	nan	38754	0	19377	0	19377	0	24	0	0.06	nan	44	0	1	0	0.0	nan	0	0	0	0	38754
Sscrofa11.1 | M301278.lib1	134222	0	0	0	0	0	0	0	59	0	0.04	nan	134222	0	67111	0	67111	0	36	0	0.03	nan	40	0	19	0	0.01	nan	0	0	0	0	134222
Sscrofa11.1 | M301279.lib1	84700	0	0	0	0	0	0	0	57	0	0.07	nan	84700	0	42350	0	42350	0	54	0	0.06	nan	54	0	3	0	0.0	nan	0	0	0	0	84700
Sscrofa11.1 | M301280.lib1	964008	0	0	0	0	0	0	0	1060	0	0.11	nan	964008	0	482004	0	482004	0	510	0	0.05	nan	524	0	536	0	0.06	nan	0	0	0	0	964008
Sscrofa11.1 | M301281.lib1	787384	0	0	0	0	0	0	0	955	0	0.12	nan	787384	0	393692	0	393692	0	342	0	0.04	nan	370	0	585	0	0.07	nan	8	0	0	0	787384
Sscrofa11.1 | M301282.lib1	18519336	0	0	0	0	0	0	0	297	0	0.0	nan	18519336	0	9259668	0	9259668	0	32	0	0.0	nan	32	0	265	0	0.0	nan	0	0	0	0	18519336
Sscrofa11.1 | M301283.lib1	14125922	0	0	0	0	0	0	0	173	0	0.0	nan	14125922	0	7062961	0	7062961	0	86	0	0.0	nan	86	0	87	0	0.0	nan	0	0	0	0	14125922
Sscrofa11.1 | M301284.lib1	41960	0	0	0	0	0	0	0	33	0	0.08	nan	41960	0	20980	0	20980	0	10	0	0.02	nan	10	0	23	0	0.05	nan	0	0	0	0	41960
Sscrofa11.1 | M301285.lib1	7269032	0	0	0	0	0	0	0	101	0	0.0	nan	7269032	0	3634516	0	3634516	0	18	0	0.0	nan	18	0	83	0	0.0	nan	0	0	0	0	7269032
Sscrofa11.1 | M301286.lib1	41362	0	0	0	0	0	0	0	30	0	0.07	nan	41362	0	20681	0	20681	0	20	0	0.05	nan	20	0	10	0	0.02	nan	0	0	0	0	41362
Sscrofa11.1 | M301287.lib1	13379472	0	0	0	0	0	0	0	143	0	0.0	nan	13379472	0	6689736	0	6689736	0	18	0	0.0	nan	32	0	111	0	0.0	nan	0	0	0	0	13379472
Sscrofa11.1 | M301288.lib1	28848	0	0	0	0	0	0	0	26	0	0.09	nan	28848	0	14424	0	14424	0	26	0	0.09	nan	26	0	0	0	0.0	nan	0	0	0	0	28848
Sscrofa11.1 | M301289.lib1	12733922	0	0	0	0	0	0	0	399	0	0.0	nan	12733922	0	6366961	0	6366961	0	12	0	0.0	nan	12	0	387	0	0.0	nan	0	0	0	0	12733922
Sscrofa11.1 | M301290.lib1	59250	0	0	0	0	0	0	0	44	0	0.07	nan	59250	0	29625	0	29625	0	40	0	0.07	nan	40	0	4	0	0.01	nan	0	0	0	0	59250
Sscrofa11.1 | M301291.lib1	36064	0	0	0	0	0	0	0	21	0	0.06	nan	36064	0	18032	0	18032	0	20	0	0.06	nan	20	0	1	0	0.0	nan	0	0	0	0	36064
Sscrofa11.1 | M301292.lib1	16328872	0	0	0	0	0	0	0	371	0	0.0	nan	16328872	0	8164436	0	8164436	0	46	0	0.0	nan	46	0	325	0	0.0	nan	0	0	0	0	16328872
Sscrofa11.1 | M301293.lib1	3936	0	0	0	0	0	0	0	12	0	0.3	nan	3936	0	1968	0	1968	0	12	0	0.3	nan	12	0	0	0	0.0	nan	0	0	0	0	3936
Sscrofa11.1 | M301294.lib1	24208	0	0	0	0	0	0	0	60	0	0.25	nan	24208	0	12104	0	12104	0	60	0	0.25	nan	60	0	0	0	0.0	nan	0	0	0	0	24208
Sscrofa11.1 | M301295.lib1	4421668	0	0	0	0	0	0	0	60	0	0.0	nan	4421668	0	2210834	0	2210834	0	14	0	0.0	nan	14	0	46	0	0.0	nan	0	0	0	0	4421668
Sscrofa11.1 | M301296.lib1	24899940	0	0	0	0	0	0	0	103	0	0.0	nan	24899940	0	12449970	0	12449970	0	14	0	0.0	nan	14	0	89	0	0.0	nan	0	0	0	0	24899940
Sscrofa11.1 | M301297.lib1	5741808	0	0	0	0	0	0	0	76	0	0.0	nan	5741808	0	2870904	0	2870904	0	12	0	0.0	nan	12	0	64	0	0.0	nan	0	0	0	0	5741808
Sscrofa11.1 | M301298.lib1	10306852	0	0	0	0	0	0	0	271	0	0.0	nan	10306852	0	5153426	0	5153426	0	182	0	0.0	nan	182	0	89	0	0.0	nan	0	0	0	0	10306852
Sscrofa11.1 | M301299.lib1	81158	0	0	0	0	0	0	0	161	0	0.2	nan	81158	0	40579	0	40579	0	160	0	0.2	nan	160	0	1	0	0.0	nan	0	0	0	0	81158
Sscrofa11.1 | M301300.lib1	35092	0	0	0	0	0	0	0	86	0	0.25	nan	35092	0	17546	0	17546	0	22	0	0.06	nan	26	0	60	0	0.17	nan	2	0	0	0	35092
Sscrofa11.1 | M301301.lib1	6897520	0	0	0	0	0	0	0	126	0	0.0	nan	6897520	0	3448760	0	3448760	0	54	0	0.0	nan	54	0	72	0	0.0	nan	0	0	0	0	6897520
Sscrofa11.1 | M301302.lib1	16605668	0	0	0	0	0	0	0	250	0	0.0	nan	16605668	0	8302834	0	8302834	0	50	0	0.0	nan	50	0	200	0	0.0	nan	0	0	0	0	16605668
Sscrofa11.1 | M301303.lib1	8007438	0	0	0	0	0	0	0	222	0	0.0	nan	8007438	0	4003719	0	4003719	0	10	0	0.0	nan	10	0	212	0	0.0	nan	0	0	0	0	8007438
Sscrofa11.1 | M301304.lib1	926962	0	0	0	0	0	0	0	85	0	0.01	nan	926962	0	463481	0	463481	0	78	0	0.01	nan	78	0	7	0	0.0	nan	0	0	0	0	926962
Sscrofa11.1 | M301305.lib1	24017938	0	0	0	0	0	0	0	215	0	0.0	nan	24017938	0	12008969	0	12008969	0	78	0	0.0	nan	78	0	137	0	0.0	nan	0	0	0	0	24017938
Sscrofa11.1 | M301306.lib1	2179658	0	0	0	0	0	0	0	58	0	0.0	nan	2179658	0	1089829	0	1089829	0	40	0	0.0	nan	40	0	18	0	0.0	nan	0	0	0	0	2179658
Sscrofa11.1 | M301307.lib1	37094	0	0	0	0	0	0	0	21	0	0.06	nan	37094	0	18547	0	18547	0	16	0	0.04	nan	16	0	5	0	0.01	nan	0	0	0	0	37094
Sscrofa11.1 | M301308.lib1	232638	0	0	0	0	0	0	0	176	0	0.08	nan	232638	0	116319	0	116319	0	172	0	0.07	nan	174	0	2	0	0.0	nan	2	0	0	0	232638
Sscrofa11.1 | M301309.lib1	52866	0	0	0	0	0	0	0	78	0	0.15	nan	52866	0	26433	0	26433	0	78	0	0.15	nan	78	0	0	0	0.0	nan	0	0	0	0	52866
Sscrofa11.1 | M301310.lib1	15830692	0	0	0	0	0	0	0	193	0	0.0	nan	15830692	0	7915346	0	7915346	0	18	0	0.0	nan	18	0	175	0	0.0	nan	0	0	0	0	15830692
Sscrofa11.1 | M301311.lib1	18409386	0	0	0	0	0	0	0	350	0	0.0	nan	18409386	0	9204693	0	9204693	0	2	0	0.0	nan	2	0	348	0	0.0	nan	0	0	0	0	18409386
Sscrofa11.1 | M301312.lib1	25871044	0	0	0	0	0	0	0	221	0	0.0	nan	25871044	0	12935522	0	12935522	0	34	0	0.0	nan	34	0	187	0	0.0	nan	0	0	0	0	25871044
Sscrofa11.1 | M301313.lib1	33819708	0	0	0	0	0	0	0	290	0	0.0	nan	33819708	0	16909854	0	16909854	0	48	0	0.0	nan	52	0	238	0	0.0	nan	0	0	0	0	33819708
Sscrofa11.1 | M301314.lib1	51356938	0	0	0	0	0	0	0	724	0	0.0	nan	51356938	0	25678469	0	25678469	0	234	0	0.0	nan	242	0	482	0	0.0	nan	0	0	0	0	51356938
Sscrofa11.1 | M301315.lib1	42457326	0	0	0	0	0	0	0	1195	0	0.0	nan	42457326	0	21228663	0	21228663	0	842	0	0.0	nan	846	0	349	0	0.0	nan	0	0	0	0	42457326
Sscrofa11.1 | M301316.lib1	45974184	0	0	0	0	0	0	0	466	0	0.0	nan	45974184	0	22987092	0	22987092	0	66	0	0.0	nan	70	0	396	0	0.0	nan	0	0	0	0	45974184
Sscrofa11.1 | M301317.lib1	35623596	0	0	0	0	0	0	0	494	0	0.0	nan	35623596	0	17811798	0	17811798	0	8	0	0.0	nan	8	0	486	0	0.0	nan	0	0	0	0	35623596
Sscrofa11.1 | M301318.lib1	19735974	0	0	0	0	0	0	0	428	0	0.0	nan	19735974	0	9867987	0	9867987	0	12	0	0.0	nan	12	0	416	0	0.0	nan	0	0	0	0	19735974
Sscrofa11.1 | M301319.lib1	29244	0	0	0	0	0	0	0	15	0	0.05	nan	29244	0	14622	0	14622	0	14	0	0.05	nan	14	0	1	0	0.0	nan	0	0	0	0	29244
Sscrofa11.1 | M301320.lib1	7766	0	0	0	0	0	0	0	12	0	0.15	nan	7766	0	3883	0	3883	0	12	0	0.15	nan	12	0	0	0	0.0	nan	0	0	0	0	7766
Sscrofa11.1 | M301321.lib1	38120	0	0	0	0	0	0	0	16	0	0.04	nan	38120	0	19060	0	19060	0	16	0	0.04	nan	16	0	0	0	0.0	nan	0	0	0	0	38120
Sscrofa11.1 | M301322.lib1	14492526	0	0	0	0	0	0	0	100	0	0.0	nan	14492526	0	7246263	0	7246263	0	4	0	0.0	nan	4	0	96	0	0.0	nan	0	0	0	0	14492526
Sscrofa11.1 | M301323.lib1	36180660	0	0	0	0	0	0	0	318	0	0.0	nan	36180660	0	18090330	0	18090330	0	28	0	0.0	nan	28	0	290	0	0.0	nan	0	0	0	0	36180660
Sscrofa11.1 | M301324.lib1	38712764	0	0	0	0	0	0	0	349	0	0.0	nan	38712764	0	19356382	0	19356382	0	30	0	0.0	nan	30	0	319	0	0.0	nan	0	0	0	0	38712764
Sscrofa11.1 | M301325.lib1	8355224	0	0	0	0	0	0	0	132	0	0.0	nan	8355224	0	4177612	0	4177612	0	20	0	0.0	nan	20	0	112	0	0.0	nan	0	0	0	0	8355224
Sscrofa11.1 | M301326.lib1	19508028	0	0	0	0	0	0	0	624	0	0.0	nan	19508028	0	9754014	0	9754014	0	34	0	0.0	nan	36	0	588	0	0.0	nan	0	0	0	0	19508028
Sscrofa11.1 | M301327.lib1	1674448	0	0	0	0	0	0	0	52	0	0.0	nan	1674448	0	837224	0	837224	0	30	0	0.0	nan	32	0	20	0	0.0	nan	0	0	0	0	1674448
Sscrofa11.1 | M301328.lib1	90610	0	0	0	0	0	0	0	27	0	0.03	nan	90610	0	45305	0	45305	0	26	0	0.03	nan	26	0	1	0	0.0	nan	0	0	0	0	90610
Sscrofa11.1 | M301329.lib1	39584116	0	0	0	0	0	0	0	349	0	0.0	nan	39584116	0	19792058	0	19792058	0	42	0	0.0	nan	42	0	307	0	0.0	nan	0	0	0	0	39584116
Sscrofa11.1 | M301330.lib1	106560	0	0	0	0	0	0	0	133	0	0.12	nan	106560	0	53280	0	53280	0	106	0	0.1	nan	112	0	21	0	0.02	nan	0	0	0	0	106560
Sscrofa11.1 | M301331.lib1	39414	0	0	0	0	0	0	0	172	0	0.44	nan	39414	0	19707	0	19707	0	4	0	0.01	nan	6	0	166	0	0.42	nan	2	0	0	0	39414
Sscrofa11.1 | M301332.lib1	101946	0	0	0	0	0	0	0	79	0	0.08	nan	101946	0	50973	0	50973	0	16	0	0.02	nan	20	0	59	0	0.06	nan	0	0	0	0	101946
Sscrofa11.1 | M301333.lib1	36894	0	0	0	0	0	0	0	79	0	0.21	nan	36894	0	18447	0	18447	0	78	0	0.21	nan	78	0	1	0	0.0	nan	0	0	0	0	36894
Sscrofa11.1 | M301334.lib1	82946	0	0	0	0	0	0	0	12	0	0.01	nan	82946	0	41473	0	41473	0	10	0	0.01	nan	10	0	2	0	0.0	nan	0	0	0	0	82946
Sscrofa11.1 | M301335.lib1	51050	0	0	0	0	0	0	0	242	0	0.47	nan	51050	0	25525	0	25525	0	202	0	0.4	nan	206	0	36	0	0.07	nan	0	0	0	0	51050
Sscrofa11.1 | M301336.lib1	111918	0	0	0	0	0	0	0	71	0	0.06	nan	111918	0	55959	0	55959	0	32	0	0.03	nan	34	0	37	0	0.03	nan	0	0	0	0	111918
Sscrofa11.1 | M301337.lib1	420944	0	0	0	0	0	0	0	301	0	0.07	nan	420944	0	210472	0	210472	0	210	0	0.05	nan	220	0	81	0	0.02	nan	2	0	0	0	420944
Sscrofa11.1 | M301338.lib1	18848	0	0	0	0	0	0	0	16	0	0.08	nan	18848	0	9424	0	9424	0	14	0	0.07	nan	16	0	0	0	0.0	nan	0	0	0	0	18848
Sscrofa11.1 | M301339.lib1	29404	0	0	0	0	0	0	0	32	0	0.11	nan	29404	0	14702	0	14702	0	32	0	0.11	nan	32	0	0	0	0.0	nan	0	0	0	0	29404
Sscrofa11.1 | M301340.lib1	28134	0	0	0	0	0	0	0	41	0	0.15	nan	28134	0	14067	0	14067	0	40	0	0.14	nan	40	0	1	0	0.0	nan	0	0	0	0	28134
Sscrofa11.1 | M301341.lib1	30918	0	0	0	0	0	0	0	280	0	0.91	nan	30918	0	15459	0	15459	0	16	0	0.05	nan	18	0	262	0	0.85	nan	0	0	0	0	30918
Sscrofa11.1 | M301342.lib1	96250	0	0	0	0	0	0	0	123	0	0.13	nan	96250	0	48125	0	48125	0	92	0	0.1	nan	94	0	29	0	0.03	nan	2	0	0	0	96250
Sscrofa11.1 | M301343.lib1	13954	0	0	0	0	0	0	0	21	0	0.15	nan	13954	0	6977	0	6977	0	20	0	0.14	nan	20	0	1	0	0.01	nan	0	0	0	0	13954
Sscrofa11.1 | M301344.lib1	44206	0	0	0	0	0	0	0	12	0	0.03	nan	44206	0	22103	0	22103	0	6	0	0.01	nan	6	0	6	0	0.01	nan	0	0	0	0	44206
Sscrofa11.1 | M301345.lib1	255810	0	0	0	0	0	0	0	302	0	0.12	nan	255810	0	127905	0	127905	0	162	0	0.06	nan	168	0	134	0	0.05	nan	2	0	0	0	255810
Sscrofa11.1 | M301346.lib1	97286	0	0	0	0	0	0	0	96	0	0.1	nan	97286	0	48643	0	48643	0	64	0	0.07	nan	64	0	32	0	0.03	nan	0	0	0	0	97286
Sscrofa11.1 | M301347.lib1	207214	0	0	0	0	0	0	0	200	0	0.1	nan	207214	0	103607	0	103607	0	108	0	0.05	nan	114	0	86	0	0.04	nan	0	0	0	0	207214
Sscrofa11.1 | M301348.lib1	152172	0	0	0	0	0	0	0	87	0	0.06	nan	152172	0	76086	0	76086	0	68	0	0.04	nan	68	0	19	0	0.01	nan	0	0	0	0	152172
Sscrofa11.1 | M301349.lib1	57362	0	0	0	0	0	0	0	94	0	0.16	nan	57362	0	28681	0	28681	0	94	0	0.16	nan	94	0	0	0	0.0	nan	0	0	0	0	57362
Sscrofa11.1 | M301350.lib1	129198	0	0	0	0	0	0	0	138	0	0.11	nan	129198	0	64599	0	64599	0	132	0	0.1	nan	132	0	6	0	0.0	nan	0	0	0	0	129198
Sscrofa11.1 | M301351.lib1	497858	0	0	0	0	0	0	0	492	0	0.1	nan	497858	0	248929	0	248929	0	186	0	0.04	nan	192	0	300	0	0.06	nan	2	0	0	0	497858
Sscrofa11.1 | M301352.lib1	323378	0	0	0	0	0	0	0	249	0	0.08	nan	323378	0	161689	0	161689	0	192	0	0.06	nan	192	0	57	0	0.02	nan	0	0	0	0	323378
Sscrofa11.1 | M301353.lib1	92284	0	0	0	0	0	0	0	79	0	0.09	nan	92284	0	46142	0	46142	0	66	0	0.07	nan	68	0	11	0	0.01	nan	0	0	0	0	92284
Sscrofa11.1 | M301354.lib1	1215644	0	0	0	0	0	0	0	1399	0	0.12	nan	1215644	0	607822	0	607822	0	578	0	0.05	nan	640	0	759	0	0.06	nan	10	0	0	0	1215644
Sscrofa11.1 | M301355.lib1	16792	0	0	0	0	0	0	0	26	0	0.15	nan	16792	0	8396	0	8396	0	26	0	0.15	nan	26	0	0	0	0.0	nan	0	0	0	0	16792
Sscrofa11.1 | M301356.lib1	170828	0	0	0	0	0	0	0	45	0	0.03	nan	170828	0	85414	0	85414	0	30	0	0.02	nan	30	0	15	0	0.01	nan	0	0	0	0	170828
Sscrofa11.1 | M301357.lib1	108242	0	0	0	0	0	0	0	101	0	0.09	nan	108242	0	54121	0	54121	0	80	0	0.07	nan	84	0	17	0	0.02	nan	0	0	0	0	108242
Sscrofa11.1 | M301358.lib1	592452	0	0	0	0	0	0	0	543	0	0.09	nan	592452	0	296226	0	296226	0	298	0	0.05	nan	304	0	239	0	0.04	nan	0	0	0	0	592452
Sscrofa11.1 | M301359.lib1	421446	0	0	0	0	0	0	0	571	0	0.14	nan	421446	0	210723	0	210723	0	378	0	0.09	nan	388	0	183	0	0.04	nan	0	0	0	0	421446
Sscrofa11.1 | M301360.lib1	576446	0	0	0	0	0	0	0	554	0	0.1	nan	576446	0	288223	0	288223	0	254	0	0.04	nan	272	0	282	0	0.05	nan	0	0	0	0	576446
Sscrofa11.1 | M301361.lib1	204422	0	0	0	0	0	0	0	153	0	0.07	nan	204422	0	102211	0	102211	0	100	0	0.05	nan	100	0	53	0	0.03	nan	0	0	0	0	204422
Sscrofa11.1 | M301362.lib1	23996	0	0	0	0	0	0	0	29	0	0.12	nan	23996	0	11998	0	11998	0	18	0	0.08	nan	26	0	3	0	0.01	nan	8	0	0	0	23996
Sscrofa11.1 | M301363.lib1	33542	0	0	0	0	0	0	0	9	0	0.03	nan	33542	0	16771	0	16771	0	6	0	0.02	nan	6	0	3	0	0.01	nan	0	0	0	0	33542
Sscrofa11.1 | M301364.lib1	7950068	0	0	0	0	0	0	0	121	0	0.0	nan	7950068	0	3975034	0	3975034	0	74	0	0.0	nan	74	0	47	0	0.0	nan	0	0	0	0	7950068
Sscrofa11.1 | M301365.lib1	99994	0	0	0	0	0	0	0	94	0	0.09	nan	99994	0	49997	0	49997	0	60	0	0.06	nan	60	0	34	0	0.03	nan	0	0	0	0	99994
Sscrofa11.1 | M301366.lib1	28206	0	0	0	0	0	0	0	30	0	0.11	nan	28206	0	14103	0	14103	0	26	0	0.09	nan	26	0	4	0	0.01	nan	0	0	0	0	28206
Sscrofa11.1 | M301367.lib1	25286	0	0	0	0	0	0	0	43	0	0.17	nan	25286	0	12643	0	12643	0	32	0	0.13	nan	32	0	11	0	0.04	nan	0	0	0	0	25286
Sscrofa11.1 | M301368.lib1	113766	0	0	0	0	0	0	0	48	0	0.04	nan	113766	0	56883	0	56883	0	18	0	0.02	nan	20	0	28	0	0.02	nan	2	0	0	0	113766
Sscrofa11.1 | M301369.lib1	37358	0	0	0	0	0	0	0	10	0	0.03	nan	37358	0	18679	0	18679	0	8	0	0.02	nan	8	0	2	0	0.01	nan	0	0	0	0	37358
Sscrofa11.1 | M301370.lib1	211254	0	0	0	0	0	0	0	369	0	0.17	nan	211254	0	105627	0	105627	0	308	0	0.15	nan	310	0	59	0	0.03	nan	0	0	0	0	211254
Sscrofa11.1 | M301371.lib1	108966	0	0	0	0	0	0	0	78	0	0.07	nan	108966	0	54483	0	54483	0	76	0	0.07	nan	78	0	0	0	0.0	nan	0	0	0	0	108966
Sscrofa11.1 | M301372.lib1	82320	0	0	0	0	0	0	0	74	0	0.09	nan	82320	0	41160	0	41160	0	74	0	0.09	nan	74	0	0	0	0.0	nan	0	0	0	0	82320
Sscrofa11.1 | M301373.lib1	94868	0	0	0	0	0	0	0	38	0	0.04	nan	94868	0	47434	0	47434	0	30	0	0.03	nan	30	0	8	0	0.01	nan	0	0	0	0	94868
Sscrofa11.1 | M301374.lib1	439846	0	0	0	0	0	0	0	1375	0	0.31	nan	439846	0	219923	0	219923	0	1090	0	0.25	nan	1124	0	251	0	0.06	nan	2	0	0	0	439846
Sscrofa11.1 | M301375.lib1	421886	0	0	0	0	0	0	0	480	0	0.11	nan	421886	0	210943	0	210943	0	426	0	0.1	nan	426	0	54	0	0.01	nan	0	0	0	0	421886
Sscrofa11.1 | M301376.lib1	97244	0	0	0	0	0	0	0	58	0	0.06	nan	97244	0	48622	0	48622	0	52	0	0.05	nan	58	0	0	0	0.0	nan	0	0	0	0	97244
Sscrofa11.1 | M301377.lib1	1206680	0	0	0	0	0	0	0	1548	0	0.13	nan	1206680	0	603340	0	603340	0	656	0	0.05	nan	716	0	832	0	0.07	nan	10	0	0	0	1206680
